# WaveFront *.obj file (generated by Autodesk ATF)

mtllib centerobj.mtl

g MeshBody1

v 4.560000 4.560000 0.250000
v 4.560000 6.690000 0.250000
v 4.548295 6.701705 0.248847
v 4.537039 6.712961 0.245433
v 4.526666 6.723334 0.239888
v 4.517574 6.732426 0.232426
v 4.510112 6.739888 0.223334
v 4.504567 6.745433 0.212961
v 4.501153 6.748847 0.201705
v 4.500289 6.749711 0.195881
v 4.500000 6.750000 0.190000
v 4.500000 4.500000 0.190000
v 4.500289 4.500289 0.195881
v 4.501153 4.501153 0.201705
v 4.504567 4.504567 0.212961
v 4.510112 4.510112 0.223334
v 4.517574 4.517574 0.232426
v 4.526666 4.526666 0.239888
v 4.537039 4.537039 0.245433
v 4.548295 4.548295 0.248847
v 4.550614 6.428571 0.249261
v 4.550614 6.107143 0.249261
v 4.550614 5.785714 0.249261
v 4.550614 5.464286 0.249261
v 4.550614 5.142857 0.249261
v 4.550614 4.821429 0.249261
v 4.536171 6.428571 0.245065
v 4.536171 6.107143 0.245065
v 4.536171 5.785714 0.245065
v 4.536171 5.464286 0.245065
v 4.536171 5.142857 0.245065
v 4.536171 4.821429 0.245065
v 4.523225 6.428571 0.237409
v 4.523225 6.107143 0.237409
v 4.523225 5.785714 0.237409
v 4.523225 5.464286 0.237409
v 4.523225 5.142857 0.237409
v 4.523225 4.821429 0.237409
v 4.512591 6.428571 0.226774
v 4.512591 6.107143 0.226774
v 4.512591 5.785714 0.226774
v 4.512591 5.464286 0.226774
v 4.512591 5.142857 0.226774
v 4.512591 4.821429 0.226774
v 4.504935 6.428571 0.213829
v 4.504935 6.107143 0.213829
v 4.504935 5.785714 0.213829
v 4.504935 5.464286 0.213829
v 4.504935 5.142857 0.213829
v 4.504935 4.821429 0.213829
v 4.500739 6.428571 0.199386
v 4.500739 6.107143 0.199386
v 4.500739 5.785714 0.199386
v 4.500739 5.464286 0.199386
v 4.500739 5.142857 0.199386
v 4.500739 4.821429 0.199386
v 6.690000 6.690000 0.250000
v 6.701705 6.701705 0.248847
v 6.712961 6.712961 0.245433
v 6.723334 6.723334 0.239888
v 6.732426 6.732426 0.232426
v 6.739888 6.739888 0.223334
v 6.745433 6.745433 0.212961
v 6.748847 6.748847 0.201705
v 6.749711 6.749711 0.195881
v 6.750000 6.750000 0.190000
v 6.428571 6.699386 0.249261
v 6.107143 6.699386 0.249261
v 5.785714 6.699386 0.249261
v 5.464286 6.699386 0.249261
v 5.142857 6.699386 0.249261
v 4.821429 6.699386 0.249261
v 6.428571 6.713829 0.245065
v 6.107143 6.713829 0.245065
v 5.785714 6.713829 0.245065
v 5.464286 6.713829 0.245065
v 5.142857 6.713829 0.245065
v 4.821429 6.713829 0.245065
v 6.428571 6.726774 0.237409
v 6.107143 6.726774 0.237409
v 5.785714 6.726774 0.237409
v 5.464286 6.726774 0.237409
v 5.142857 6.726774 0.237409
v 4.821429 6.726774 0.237409
v 6.428571 6.737409 0.226774
v 6.107143 6.737409 0.226774
v 5.785714 6.737409 0.226774
v 5.464286 6.737409 0.226774
v 5.142857 6.737409 0.226774
v 4.821429 6.737409 0.226774
v 6.428571 6.745065 0.213829
v 6.107143 6.745065 0.213829
v 5.785714 6.745065 0.213829
v 5.464286 6.745065 0.213829
v 5.142857 6.745065 0.213829
v 4.821429 6.745065 0.213829
v 6.428571 6.749261 0.199386
v 6.107143 6.749261 0.199386
v 5.785714 6.749261 0.199386
v 5.464286 6.749261 0.199386
v 5.142857 6.749261 0.199386
v 4.821429 6.749261 0.199386
v 6.690000 4.560000 0.250000
v 6.701705 4.548295 0.248847
v 6.712961 4.537039 0.245433
v 6.723334 4.526666 0.239888
v 6.732426 4.517574 0.232426
v 6.739888 4.510112 0.223334
v 6.745433 4.504567 0.212961
v 6.748847 4.501153 0.201705
v 6.749711 4.500289 0.195881
v 6.750000 4.500000 0.190000
v 6.699386 4.821429 0.249261
v 6.699386 5.142857 0.249261
v 6.699386 5.464286 0.249261
v 6.699386 5.785714 0.249261
v 6.699386 6.107143 0.249261
v 6.699386 6.428571 0.249261
v 6.713829 4.821429 0.245065
v 6.713829 5.142857 0.245065
v 6.713829 5.464286 0.245065
v 6.713829 5.785714 0.245065
v 6.713829 6.107143 0.245065
v 6.713829 6.428571 0.245065
v 6.726774 4.821429 0.237409
v 6.726774 5.142857 0.237409
v 6.726774 5.464286 0.237409
v 6.726774 5.785714 0.237409
v 6.726774 6.107143 0.237409
v 6.726774 6.428571 0.237409
v 6.737409 4.821429 0.226774
v 6.737409 5.142857 0.226774
v 6.737409 5.464286 0.226774
v 6.737409 5.785714 0.226774
v 6.737409 6.107143 0.226774
v 6.737409 6.428571 0.226774
v 6.745065 4.821429 0.213829
v 6.745065 5.142857 0.213829
v 6.745065 5.464286 0.213829
v 6.745065 5.785714 0.213829
v 6.745065 6.107143 0.213829
v 6.745065 6.428571 0.213829
v 6.749261 4.821429 0.199386
v 6.749261 5.142857 0.199386
v 6.749261 5.464286 0.199386
v 6.749261 5.785714 0.199386
v 6.749261 6.107143 0.199386
v 6.749261 6.428571 0.199386
v 6.428571 4.500739 0.199386
v 6.107143 4.500739 0.199386
v 5.785714 4.500739 0.199386
v 5.464286 4.500739 0.199386
v 5.142857 4.500739 0.199386
v 4.821429 4.500739 0.199386
v 6.428571 4.504935 0.213829
v 6.107143 4.504935 0.213829
v 5.785714 4.504935 0.213829
v 5.464286 4.504935 0.213829
v 5.142857 4.504935 0.213829
v 4.821429 4.504935 0.213829
v 6.428571 4.512591 0.226774
v 6.107143 4.512591 0.226774
v 5.785714 4.512591 0.226774
v 5.464286 4.512591 0.226774
v 5.142857 4.512591 0.226774
v 4.821429 4.512591 0.226774
v 6.428571 4.523225 0.237409
v 6.107143 4.523225 0.237409
v 5.785714 4.523225 0.237409
v 5.464286 4.523225 0.237409
v 5.142857 4.523225 0.237409
v 4.821429 4.523225 0.237409
v 6.428571 4.536171 0.245065
v 6.107143 4.536171 0.245065
v 5.785714 4.536171 0.245065
v 5.464286 4.536171 0.245065
v 5.142857 4.536171 0.245065
v 4.821429 4.536171 0.245065
v 6.428571 4.550614 0.249261
v 6.107143 4.550614 0.249261
v 5.785714 4.550614 0.249261
v 5.464286 4.550614 0.249261
v 5.142857 4.550614 0.249261
v 4.821429 4.550614 0.249261
v 4.500000 4.500000 0.000000
v 6.750000 4.500000 0.000000
v 4.500000 6.750000 0.000000
v 6.125000 5.375000 0.250000
v 6.125000 5.875000 0.250000
v 6.625000 5.875000 0.250000
v 6.625000 5.375000 0.250000
v 5.125000 5.375000 0.250000
v 4.625000 5.375000 0.250000
v 4.625000 5.875000 0.250000
v 5.125000 5.875000 0.250000
v 6.063330 5.186670 0.250000
v 5.961084 5.236654 0.250000
v 5.934472 5.248093 0.250000
v 5.906941 5.257543 0.250000
v 5.878252 5.266173 0.250000
v 5.848169 5.275152 0.250000
v 5.823796 5.283402 0.250000
v 5.799317 5.293095 0.250000
v 5.775228 5.304056 0.250000
v 5.752025 5.316111 0.250000
v 5.728020 5.329732 0.250000
v 5.705516 5.342382 0.250000
v 5.684431 5.353016 0.250000
v 5.664685 5.360591 0.250000
v 5.646307 5.364499 0.250000
v 5.627462 5.365005 0.250000
v 5.625000 5.364849 0.250000
v 5.622537 5.365005 0.250000
v 5.603693 5.364499 0.250000
v 5.585315 5.360591 0.250000
v 5.565569 5.353016 0.250000
v 5.544484 5.342382 0.250000
v 5.521980 5.329732 0.250000
v 5.497975 5.316111 0.250000
v 5.474772 5.304056 0.250000
v 5.450684 5.293095 0.250000
v 5.426204 5.283402 0.250000
v 5.401831 5.275152 0.250000
v 5.371748 5.266173 0.250000
v 5.343059 5.257543 0.250000
v 5.315528 5.248093 0.250000
v 5.288916 5.236654 0.250000
v 5.186670 5.186670 0.250000
v 5.236654 5.288916 0.250000
v 5.248093 5.315528 0.250000
v 5.257543 5.343059 0.250000
v 5.266173 5.371748 0.250000
v 5.275152 5.401831 0.250000
v 5.283402 5.426204 0.250000
v 5.293095 5.450684 0.250000
v 5.304056 5.474772 0.250000
v 5.316111 5.497975 0.250000
v 5.329732 5.521980 0.250000
v 5.342382 5.544484 0.250000
v 5.353016 5.565569 0.250000
v 5.360591 5.585315 0.250000
v 5.364499 5.603693 0.250000
v 5.365005 5.622537 0.250000
v 5.364849 5.625000 0.250000
v 5.365005 5.627462 0.250000
v 5.364499 5.646307 0.250000
v 5.360591 5.664685 0.250000
v 5.353016 5.684431 0.250000
v 5.342382 5.705516 0.250000
v 5.329732 5.728020 0.250000
v 5.316111 5.752025 0.250000
v 5.304056 5.775228 0.250000
v 5.293095 5.799317 0.250000
v 5.283402 5.823796 0.250000
v 5.275152 5.848169 0.250000
v 5.266173 5.878252 0.250000
v 5.257543 5.906941 0.250000
v 5.248093 5.934472 0.250000
v 5.236654 5.961084 0.250000
v 5.186670 6.063330 0.250000
v 5.288916 6.013346 0.250000
v 5.315528 6.001907 0.250000
v 5.343059 5.992457 0.250000
v 5.371748 5.983827 0.250000
v 5.401831 5.974848 0.250000
v 5.426204 5.966598 0.250000
v 5.450684 5.956905 0.250000
v 5.474772 5.945944 0.250000
v 5.497975 5.933889 0.250000
v 5.521980 5.920268 0.250000
v 5.544484 5.907618 0.250000
v 5.565569 5.896984 0.250000
v 5.585315 5.889409 0.250000
v 5.603693 5.885501 0.250000
v 5.622537 5.884995 0.250000
v 5.625000 5.885150 0.250000
v 5.627462 5.884995 0.250000
v 5.646307 5.885501 0.250000
v 5.664685 5.889409 0.250000
v 5.684431 5.896984 0.250000
v 5.705516 5.907618 0.250000
v 5.728020 5.920268 0.250000
v 5.752025 5.933889 0.250000
v 5.775228 5.945944 0.250000
v 5.799317 5.956905 0.250000
v 5.823796 5.966598 0.250000
v 5.848169 5.974848 0.250000
v 5.878252 5.983827 0.250000
v 5.906941 5.992457 0.250000
v 5.934472 6.001907 0.250000
v 5.961084 6.013346 0.250000
v 6.063330 6.063330 0.250000
v 6.013346 5.961084 0.250000
v 6.001907 5.934472 0.250000
v 5.992457 5.906941 0.250000
v 5.983827 5.878252 0.250000
v 5.974848 5.848169 0.250000
v 5.966598 5.823796 0.250000
v 5.956905 5.799317 0.250000
v 5.945944 5.775228 0.250000
v 5.933889 5.752025 0.250000
v 5.920268 5.728020 0.250000
v 5.907618 5.705516 0.250000
v 5.896984 5.684431 0.250000
v 5.889409 5.664685 0.250000
v 5.885501 5.646307 0.250000
v 5.884995 5.627462 0.250000
v 5.885150 5.625000 0.250000
v 5.884995 5.622537 0.250000
v 5.885501 5.603693 0.250000
v 5.889409 5.585315 0.250000
v 5.896984 5.565569 0.250000
v 5.907618 5.544484 0.250000
v 5.920268 5.521980 0.250000
v 5.933889 5.497975 0.250000
v 5.945944 5.474772 0.250000
v 5.956905 5.450684 0.250000
v 5.966598 5.426204 0.250000
v 5.974848 5.401831 0.250000
v 5.983827 5.371748 0.250000
v 5.992457 5.343059 0.250000
v 6.001907 5.315528 0.250000
v 6.013346 5.288916 0.250000
v 5.375000 6.125000 0.250000
v 5.375000 6.625000 0.250000
v 5.875000 6.625000 0.250000
v 5.875000 6.125000 0.250000
v 5.875000 4.625000 0.250000
v 5.375000 4.625000 0.250000
v 5.375000 5.125000 0.250000
v 5.875000 5.125000 0.250000
v 6.613294 5.863294 0.248847
v 6.602039 5.852039 0.245433
v 6.591665 5.841666 0.239888
v 6.582573 5.832574 0.232426
v 6.575112 5.825112 0.223334
v 6.569567 5.819567 0.212961
v 6.566153 5.816153 0.201705
v 6.565289 5.815289 0.195881
v 6.565000 5.815000 0.190000
v 6.565000 5.435000 0.190000
v 6.565289 5.434711 0.195881
v 6.566153 5.433847 0.201705
v 6.569567 5.430433 0.212961
v 6.575112 5.424888 0.223334
v 6.582573 5.417427 0.232426
v 6.591665 5.408334 0.239888
v 6.602039 5.397961 0.245433
v 6.613294 5.386705 0.248847
v 6.601171 5.625000 0.245065
v 6.615614 5.625000 0.249261
v 6.588225 5.625000 0.237409
v 6.577591 5.625000 0.226774
v 6.569934 5.625000 0.213829
v 6.565739 5.625000 0.199386
v 6.136705 5.386705 0.248847
v 6.147961 5.397961 0.245433
v 6.158334 5.408334 0.239888
v 6.167426 5.417427 0.232426
v 6.174888 5.424888 0.223334
v 6.180433 5.430433 0.212961
v 6.183847 5.433847 0.201705
v 6.184711 5.434711 0.195881
v 6.185000 5.435000 0.190000
v 6.185000 5.815000 0.190000
v 6.184711 5.815289 0.195881
v 6.183847 5.816153 0.201705
v 6.180433 5.819567 0.212961
v 6.174888 5.825112 0.223334
v 6.167426 5.832574 0.232426
v 6.158334 5.841666 0.239888
v 6.147961 5.852039 0.245433
v 6.136705 5.863294 0.248847
v 6.148829 5.625000 0.245065
v 6.134386 5.625000 0.249261
v 6.161774 5.625000 0.237409
v 6.172409 5.625000 0.226774
v 6.180065 5.625000 0.213829
v 6.184261 5.625000 0.199386
v 6.330000 5.434261 0.199386
v 6.330000 5.430065 0.213829
v 6.330000 5.422409 0.226774
v 6.330000 5.411774 0.237409
v 6.330000 5.398829 0.245065
v 6.330000 5.384386 0.249261
v 6.145000 5.865614 0.249261
v 6.385000 5.865614 0.249261
v 6.385000 5.851171 0.245065
v 6.385000 5.838226 0.237409
v 6.385000 5.827591 0.226774
v 6.385000 5.819935 0.213829
v 6.385000 5.815739 0.199386
v 6.185000 5.815000 0.150000
v 6.565000 5.815000 0.150000
v 6.185000 5.435000 0.150000
v 5.863294 4.636706 0.248847
v 5.852039 4.647961 0.245433
v 5.841666 4.658334 0.239888
v 5.832574 4.667426 0.232426
v 5.825112 4.674888 0.223334
v 5.819567 4.680433 0.212961
v 5.816153 4.683847 0.201705
v 5.815289 4.684711 0.195881
v 5.815000 4.685000 0.190000
v 5.435000 4.685000 0.190000
v 5.434711 4.684711 0.195881
v 5.433847 4.683847 0.201705
v 5.430433 4.680433 0.212961
v 5.424888 4.674888 0.223334
v 5.417427 4.667426 0.232426
v 5.408334 4.658334 0.239888
v 5.397961 4.647961 0.245433
v 5.386705 4.636706 0.248847
v 5.625000 4.648829 0.245065
v 5.625000 4.634386 0.249261
v 5.625000 4.661774 0.237409
v 5.625000 4.672409 0.226774
v 5.625000 4.680065 0.213829
v 5.625000 4.684261 0.199386
v 5.863294 5.113295 0.248847
v 5.852039 5.102039 0.245433
v 5.841666 5.091666 0.239888
v 5.832574 5.082573 0.232426
v 5.825112 5.075112 0.223334
v 5.819567 5.069567 0.212961
v 5.816153 5.066153 0.201705
v 5.815289 5.065289 0.195881
v 5.815000 5.065000 0.190000
v 5.865614 5.105000 0.249261
v 5.865614 4.865000 0.249261
v 5.851171 4.865000 0.245065
v 5.838226 4.865000 0.237409
v 5.827591 4.865000 0.226774
v 5.819935 4.865000 0.213829
v 5.815739 4.865000 0.199386
v 5.435000 5.065000 0.190000
v 5.434711 5.065289 0.195881
v 5.433847 5.066153 0.201705
v 5.430433 5.069567 0.212961
v 5.424888 5.075112 0.223334
v 5.417427 5.082573 0.232426
v 5.408334 5.091666 0.239888
v 5.397961 5.102039 0.245433
v 5.386705 5.113295 0.248847
v 5.434261 4.920000 0.199386
v 5.430065 4.920000 0.213829
v 5.422409 4.920000 0.226774
v 5.411774 4.920000 0.237409
v 5.398829 4.920000 0.245065
v 5.384386 4.920000 0.249261
v 5.625000 5.101171 0.245065
v 5.625000 5.115614 0.249261
v 5.625000 5.088226 0.237409
v 5.625000 5.077591 0.226774
v 5.625000 5.069935 0.213829
v 5.625000 5.065739 0.199386
v 5.435000 4.685000 0.150000
v 5.435000 5.065000 0.150000
v 5.815000 4.685000 0.150000
v 5.113295 5.386705 0.248847
v 5.102039 5.397961 0.245433
v 5.091666 5.408334 0.239888
v 5.082573 5.417427 0.232426
v 5.075112 5.424888 0.223334
v 5.069567 5.430433 0.212961
v 5.066153 5.433847 0.201705
v 5.065289 5.434711 0.195881
v 5.065000 5.435000 0.190000
v 4.685000 5.435000 0.190000
v 4.684711 5.434711 0.195881
v 4.683847 5.433847 0.201705
v 4.680433 5.430433 0.212961
v 4.674888 5.424888 0.223334
v 4.667426 5.417427 0.232426
v 4.658334 5.408334 0.239888
v 4.647961 5.397961 0.245433
v 4.636706 5.386705 0.248847
v 5.105000 5.384386 0.249261
v 4.865000 5.384386 0.249261
v 4.865000 5.398829 0.245065
v 4.865000 5.411774 0.237409
v 4.865000 5.422409 0.226774
v 4.865000 5.430065 0.213829
v 4.865000 5.434261 0.199386
v 5.113295 5.863294 0.248847
v 5.102039 5.852039 0.245433
v 5.091666 5.841666 0.239888
v 5.082573 5.832574 0.232426
v 5.075112 5.825112 0.223334
v 5.069567 5.819567 0.212961
v 5.066153 5.816153 0.201705
v 5.065289 5.815289 0.195881
v 5.065000 5.815000 0.190000
v 5.101171 5.625000 0.245065
v 5.115614 5.625000 0.249261
v 5.088226 5.625000 0.237409
v 5.077591 5.625000 0.226774
v 5.069935 5.625000 0.213829
v 5.065739 5.625000 0.199386
v 4.685000 5.815000 0.190000
v 4.684711 5.815289 0.195881
v 4.683847 5.816153 0.201705
v 4.680433 5.819567 0.212961
v 4.674888 5.825112 0.223334
v 4.667426 5.832574 0.232426
v 4.658334 5.841666 0.239888
v 4.647961 5.852039 0.245433
v 4.636706 5.863294 0.248847
v 4.684261 5.625000 0.199386
v 4.680065 5.625000 0.213829
v 4.672409 5.625000 0.226774
v 4.661774 5.625000 0.237409
v 4.648829 5.625000 0.245065
v 4.634386 5.625000 0.249261
v 4.920000 5.851171 0.245065
v 4.920000 5.865614 0.249261
v 4.920000 5.838226 0.237409
v 4.920000 5.827591 0.226774
v 4.920000 5.819935 0.213829
v 4.920000 5.815739 0.199386
v 4.685000 5.435000 0.150000
v 4.685000 5.815000 0.150000
v 5.065000 5.435000 0.150000
v 5.863294 6.613294 0.248847
v 5.852039 6.602039 0.245433
v 5.841666 6.591665 0.239888
v 5.832574 6.582573 0.232426
v 5.825112 6.575112 0.223334
v 5.819567 6.569567 0.212961
v 5.816153 6.566153 0.201705
v 5.815289 6.565289 0.195881
v 5.815000 6.565000 0.190000
v 5.815000 6.185000 0.190000
v 5.815289 6.184711 0.195881
v 5.816153 6.183847 0.201705
v 5.819567 6.180433 0.212961
v 5.825112 6.174888 0.223334
v 5.832574 6.167426 0.232426
v 5.841666 6.158334 0.239888
v 5.852039 6.147961 0.245433
v 5.863294 6.136705 0.248847
v 5.851171 6.330000 0.245065
v 5.865614 6.330000 0.249261
v 5.838226 6.330000 0.237409
v 5.827591 6.330000 0.226774
v 5.819935 6.330000 0.213829
v 5.815739 6.330000 0.199386
v 5.386705 6.136705 0.248847
v 5.397961 6.147961 0.245433
v 5.408334 6.158334 0.239888
v 5.417427 6.167426 0.232426
v 5.424888 6.174888 0.223334
v 5.430433 6.180433 0.212961
v 5.433847 6.183847 0.201705
v 5.434711 6.184711 0.195881
v 5.435000 6.185000 0.190000
v 5.435000 6.565000 0.190000
v 5.434711 6.565289 0.195881
v 5.433847 6.566153 0.201705
v 5.430433 6.569567 0.212961
v 5.424888 6.575112 0.223334
v 5.417427 6.582573 0.232426
v 5.408334 6.591665 0.239888
v 5.397961 6.602039 0.245433
v 5.386705 6.613294 0.248847
v 5.384386 6.145000 0.249261
v 5.384386 6.385000 0.249261
v 5.398829 6.385000 0.245065
v 5.411774 6.385000 0.237409
v 5.422409 6.385000 0.226774
v 5.430065 6.385000 0.213829
v 5.434261 6.385000 0.199386
v 5.625000 6.184261 0.199386
v 5.625000 6.180065 0.213829
v 5.625000 6.172409 0.226774
v 5.625000 6.161774 0.237409
v 5.625000 6.148829 0.245065
v 5.625000 6.134386 0.249261
v 5.625000 6.601171 0.245065
v 5.625000 6.615614 0.249261
v 5.625000 6.588225 0.237409
v 5.625000 6.577591 0.226774
v 5.625000 6.569934 0.213829
v 5.625000 6.565739 0.199386
v 5.435000 6.565000 0.150000
v 5.815000 6.565000 0.150000
v 5.435000 6.185000 0.150000
v 6.565000 5.435000 0.150000
v 6.225000 5.625000 0.150000
v 6.226942 5.649062 0.150000
v 6.232719 5.672500 0.150000
v 6.242182 5.694708 0.150000
v 6.255084 5.715111 0.150000
v 6.271091 5.733180 0.150000
v 6.289790 5.748448 0.150000
v 6.310696 5.760518 0.150000
v 6.333267 5.769078 0.150000
v 6.356920 5.773906 0.150000
v 6.381040 5.774878 0.150000
v 6.405004 5.771968 0.150000
v 6.428191 5.765253 0.150000
v 6.450000 5.754904 0.150000
v 6.469867 5.741191 0.150000
v 6.487276 5.724468 0.150000
v 6.501778 5.705170 0.150000
v 6.512997 5.683795 0.150000
v 6.520642 5.660897 0.150000
v 6.524513 5.637070 0.150000
v 6.524513 5.612930 0.150000
v 6.520642 5.589103 0.150000
v 6.512997 5.566205 0.150000
v 6.501778 5.544830 0.150000
v 6.487276 5.525532 0.150000
v 6.469867 5.508809 0.150000
v 6.450000 5.495096 0.150000
v 6.428191 5.484748 0.150000
v 6.405004 5.478031 0.150000
v 6.381040 5.475122 0.150000
v 6.356920 5.476094 0.150000
v 6.333267 5.480922 0.150000
v 6.310696 5.489482 0.150000
v 6.289790 5.501552 0.150000
v 6.271091 5.516820 0.150000
v 6.255084 5.534889 0.150000
v 6.242182 5.555291 0.150000
v 6.232719 5.577500 0.150000
v 6.226942 5.600938 0.150000
v 5.815000 5.065000 0.150000
v 5.475000 4.875000 0.150000
v 5.476943 4.899062 0.150000
v 5.482719 4.922500 0.150000
v 5.492181 4.944709 0.150000
v 5.505083 4.965111 0.150000
v 5.521091 4.983180 0.150000
v 5.539790 4.998448 0.150000
v 5.560696 5.010518 0.150000
v 5.583268 5.019078 0.150000
v 5.606919 5.023906 0.150000
v 5.631040 5.024878 0.150000
v 5.655004 5.021969 0.150000
v 5.678191 5.015252 0.150000
v 5.700000 5.004904 0.150000
v 5.719867 4.991191 0.150000
v 5.737277 4.974468 0.150000
v 5.751778 4.955170 0.150000
v 5.762997 4.933795 0.150000
v 5.770641 4.910897 0.150000
v 5.774514 4.887070 0.150000
v 5.774514 4.862930 0.150000
v 5.770641 4.839103 0.150000
v 5.762997 4.816205 0.150000
v 5.751778 4.794830 0.150000
v 5.737277 4.775532 0.150000
v 5.719867 4.758809 0.150000
v 5.700000 4.745096 0.150000
v 5.678191 4.734747 0.150000
v 5.655004 4.728032 0.150000
v 5.631040 4.725122 0.150000
v 5.606919 4.726094 0.150000
v 5.583268 4.730922 0.150000
v 5.560696 4.739482 0.150000
v 5.539790 4.751552 0.150000
v 5.521091 4.766820 0.150000
v 5.505083 4.784889 0.150000
v 5.492181 4.805292 0.150000
v 5.482719 4.827500 0.150000
v 5.476943 4.850938 0.150000
v 5.815000 6.185000 0.150000
v 5.475000 6.375000 0.150000
v 5.476943 6.399062 0.150000
v 5.482719 6.422500 0.150000
v 5.492181 6.444709 0.150000
v 5.505083 6.465111 0.150000
v 5.521091 6.483180 0.150000
v 5.539790 6.498448 0.150000
v 5.560696 6.510518 0.150000
v 5.583268 6.519078 0.150000
v 5.606919 6.523907 0.150000
v 5.631040 6.524878 0.150000
v 5.655004 6.521968 0.150000
v 5.678191 6.515252 0.150000
v 5.700000 6.504904 0.150000
v 5.719867 6.491191 0.150000
v 5.737277 6.474469 0.150000
v 5.751778 6.455170 0.150000
v 5.762997 6.433795 0.150000
v 5.770641 6.410898 0.150000
v 5.774514 6.387070 0.150000
v 5.774514 6.362930 0.150000
v 5.770641 6.339102 0.150000
v 5.762997 6.316205 0.150000
v 5.751778 6.294830 0.150000
v 5.737277 6.275531 0.150000
v 5.719867 6.258809 0.150000
v 5.700000 6.245096 0.150000
v 5.678191 6.234748 0.150000
v 5.655004 6.228031 0.150000
v 5.631040 6.225121 0.150000
v 5.606919 6.226094 0.150000
v 5.583268 6.230922 0.150000
v 5.560696 6.239483 0.150000
v 5.539790 6.251553 0.150000
v 5.521091 6.266820 0.150000
v 5.505083 6.284889 0.150000
v 5.492181 6.305291 0.150000
v 5.482719 6.327500 0.150000
v 5.476943 6.350939 0.150000
v 5.065000 5.815000 0.150000
v 4.725000 5.625000 0.150000
v 4.726942 5.649062 0.150000
v 4.732720 5.672500 0.150000
v 4.742182 5.694708 0.150000
v 4.755084 5.715111 0.150000
v 4.771091 5.733180 0.150000
v 4.789790 5.748448 0.150000
v 4.810696 5.760518 0.150000
v 4.833267 5.769078 0.150000
v 4.856919 5.773906 0.150000
v 4.881040 5.774878 0.150000
v 4.905004 5.771968 0.150000
v 4.928191 5.765253 0.150000
v 4.950000 5.754904 0.150000
v 4.969867 5.741191 0.150000
v 4.987277 5.724468 0.150000
v 5.001778 5.705170 0.150000
v 5.012997 5.683795 0.150000
v 5.020641 5.660897 0.150000
v 5.024513 5.637070 0.150000
v 5.024513 5.612930 0.150000
v 5.020641 5.589103 0.150000
v 5.012997 5.566205 0.150000
v 5.001778 5.544830 0.150000
v 4.987277 5.525532 0.150000
v 4.969867 5.508809 0.150000
v 4.950000 5.495096 0.150000
v 4.928191 5.484748 0.150000
v 4.905004 5.478031 0.150000
v 4.881040 5.475122 0.150000
v 4.856919 5.476094 0.150000
v 4.833267 5.480922 0.150000
v 4.810696 5.489482 0.150000
v 4.789790 5.501552 0.150000
v 4.771091 5.516820 0.150000
v 4.755084 5.534889 0.150000
v 4.742182 5.555291 0.150000
v 4.732720 5.577500 0.150000
v 4.726942 5.600938 0.150000
v 5.271756 5.271756 0.250000
v 5.281852 5.294293 0.250000
v 5.290354 5.317001 0.250000
v 5.304307 5.362563 0.250000
v 5.318084 5.407528 0.250000
v 5.326281 5.429516 0.250000
v 5.335791 5.451100 0.250000
v 5.358346 5.493253 0.250000
v 5.381812 5.535101 0.250000
v 5.391748 5.556471 0.250000
v 5.399253 5.578452 0.250000
v 5.403525 5.601247 0.250000
v 5.404260 5.612998 0.250000
v 5.403999 5.625000 0.250000
v 5.403999 5.625000 0.150000
v 5.404260 5.612998 0.150000
v 5.403525 5.601247 0.150000
v 5.399253 5.578452 0.150000
v 5.391748 5.556471 0.150000
v 5.381812 5.535101 0.150000
v 5.358346 5.493253 0.150000
v 5.335791 5.451100 0.150000
v 5.326281 5.429516 0.150000
v 5.318084 5.407528 0.150000
v 5.304307 5.362563 0.150000
v 5.290354 5.317001 0.150000
v 5.281852 5.294293 0.150000
v 5.271756 5.271756 0.150000
v 5.404260 5.637002 0.250000
v 5.403525 5.648753 0.250000
v 5.399253 5.671548 0.250000
v 5.391748 5.693529 0.250000
v 5.381812 5.714899 0.250000
v 5.358346 5.756747 0.250000
v 5.335791 5.798900 0.250000
v 5.326281 5.820485 0.250000
v 5.318084 5.842472 0.250000
v 5.304307 5.887437 0.250000
v 5.290354 5.932999 0.250000
v 5.281852 5.955707 0.250000
v 5.271756 5.978244 0.250000
v 5.271756 5.978244 0.150000
v 5.281852 5.955707 0.150000
v 5.290354 5.932999 0.150000
v 5.304307 5.887437 0.150000
v 5.318084 5.842472 0.150000
v 5.326281 5.820485 0.150000
v 5.335791 5.798900 0.150000
v 5.358346 5.756747 0.150000
v 5.381812 5.714899 0.150000
v 5.391748 5.693529 0.150000
v 5.399253 5.671548 0.150000
v 5.403525 5.648753 0.150000
v 5.404260 5.637002 0.150000
v 5.294293 5.968148 0.250000
v 5.317001 5.959646 0.250000
v 5.362563 5.945693 0.250000
v 5.407528 5.931916 0.250000
v 5.429516 5.923719 0.250000
v 5.451100 5.914209 0.250000
v 5.493253 5.891655 0.250000
v 5.535101 5.868187 0.250000
v 5.556471 5.858252 0.250000
v 5.578452 5.850747 0.250000
v 5.601247 5.846474 0.250000
v 5.612998 5.845740 0.250000
v 5.625000 5.846001 0.250000
v 5.625000 5.846001 0.150000
v 5.612998 5.845740 0.150000
v 5.601247 5.846474 0.150000
v 5.578452 5.850747 0.150000
v 5.556471 5.858252 0.150000
v 5.535101 5.868187 0.150000
v 5.493253 5.891655 0.150000
v 5.451100 5.914209 0.150000
v 5.429516 5.923719 0.150000
v 5.407528 5.931916 0.150000
v 5.362563 5.945693 0.150000
v 5.317001 5.959646 0.150000
v 5.294293 5.968148 0.150000
v 5.637002 5.845740 0.250000
v 5.648753 5.846474 0.250000
v 5.671548 5.850747 0.250000
v 5.693529 5.858252 0.250000
v 5.714899 5.868187 0.250000
v 5.756747 5.891655 0.250000
v 5.798900 5.914209 0.250000
v 5.820485 5.923719 0.250000
v 5.842472 5.931916 0.250000
v 5.887437 5.945693 0.250000
v 5.932999 5.959646 0.250000
v 5.955707 5.968148 0.250000
v 5.978244 5.978244 0.250000
v 5.978244 5.978244 0.150000
v 5.955707 5.968148 0.150000
v 5.932999 5.959646 0.150000
v 5.887437 5.945693 0.150000
v 5.842472 5.931916 0.150000
v 5.820485 5.923719 0.150000
v 5.798900 5.914209 0.150000
v 5.756747 5.891655 0.150000
v 5.714899 5.868187 0.150000
v 5.693529 5.858252 0.150000
v 5.671548 5.850747 0.150000
v 5.648753 5.846474 0.150000
v 5.637002 5.845740 0.150000
v 5.968148 5.955707 0.250000
v 5.959646 5.932999 0.250000
v 5.945693 5.887437 0.250000
v 5.931916 5.842472 0.250000
v 5.923719 5.820485 0.250000
v 5.914209 5.798900 0.250000
v 5.891655 5.756747 0.250000
v 5.868187 5.714899 0.250000
v 5.858252 5.693529 0.250000
v 5.850747 5.671548 0.250000
v 5.846474 5.648753 0.250000
v 5.845740 5.637002 0.250000
v 5.846001 5.625000 0.250000
v 5.846001 5.625000 0.150000
v 5.845740 5.637002 0.150000
v 5.846474 5.648753 0.150000
v 5.850747 5.671548 0.150000
v 5.858252 5.693529 0.150000
v 5.868187 5.714899 0.150000
v 5.891655 5.756747 0.150000
v 5.914209 5.798900 0.150000
v 5.923719 5.820485 0.150000
v 5.931916 5.842472 0.150000
v 5.945693 5.887437 0.150000
v 5.959646 5.932999 0.150000
v 5.968148 5.955707 0.150000
v 5.845740 5.612998 0.250000
v 5.846474 5.601247 0.250000
v 5.850747 5.578452 0.250000
v 5.858252 5.556471 0.250000
v 5.868187 5.535101 0.250000
v 5.891655 5.493253 0.250000
v 5.914209 5.451100 0.250000
v 5.923719 5.429516 0.250000
v 5.931916 5.407528 0.250000
v 5.945693 5.362563 0.250000
v 5.959646 5.317001 0.250000
v 5.968148 5.294293 0.250000
v 5.978244 5.271756 0.250000
v 5.978244 5.271756 0.150000
v 5.968148 5.294293 0.150000
v 5.959646 5.317001 0.150000
v 5.945693 5.362563 0.150000
v 5.931916 5.407528 0.150000
v 5.923719 5.429516 0.150000
v 5.914209 5.451100 0.150000
v 5.891655 5.493253 0.150000
v 5.868187 5.535101 0.150000
v 5.858252 5.556471 0.150000
v 5.850747 5.578452 0.150000
v 5.846474 5.601247 0.150000
v 5.845740 5.612998 0.150000
v 5.955707 5.281852 0.250000
v 5.932999 5.290354 0.250000
v 5.887437 5.304307 0.250000
v 5.842472 5.318084 0.250000
v 5.820485 5.326281 0.250000
v 5.798900 5.335791 0.250000
v 5.756747 5.358346 0.250000
v 5.714899 5.381812 0.250000
v 5.693529 5.391748 0.250000
v 5.671548 5.399253 0.250000
v 5.648753 5.403525 0.250000
v 5.637002 5.404260 0.250000
v 5.625000 5.403999 0.250000
v 5.625000 5.403999 0.150000
v 5.637002 5.404260 0.150000
v 5.648753 5.403525 0.150000
v 5.671548 5.399253 0.150000
v 5.693529 5.391748 0.150000
v 5.714899 5.381812 0.150000
v 5.756747 5.358346 0.150000
v 5.798900 5.335791 0.150000
v 5.820485 5.326281 0.150000
v 5.842472 5.318084 0.150000
v 5.887437 5.304307 0.150000
v 5.932999 5.290354 0.150000
v 5.955707 5.281852 0.150000
v 5.612998 5.404260 0.250000
v 5.601247 5.403525 0.250000
v 5.578452 5.399253 0.250000
v 5.556471 5.391748 0.250000
v 5.535101 5.381812 0.250000
v 5.493253 5.358346 0.250000
v 5.451100 5.335791 0.250000
v 5.429516 5.326281 0.250000
v 5.407528 5.318084 0.250000
v 5.362563 5.304307 0.250000
v 5.317001 5.290354 0.250000
v 5.294293 5.281852 0.250000
v 5.294293 5.281852 0.150000
v 5.317001 5.290354 0.150000
v 5.362563 5.304307 0.150000
v 5.407528 5.318084 0.150000
v 5.429516 5.326281 0.150000
v 5.451100 5.335791 0.150000
v 5.493253 5.358346 0.150000
v 5.535101 5.381812 0.150000
v 5.556471 5.391748 0.150000
v 5.578452 5.399253 0.150000
v 5.601247 5.403525 0.150000
v 5.612998 5.404260 0.150000
v 6.063330 5.186670 0.150000
v 5.961084 5.236654 0.150000
v 5.934472 5.248093 0.150000
v 5.906941 5.257543 0.150000
v 5.878252 5.266173 0.150000
v 5.848169 5.275152 0.150000
v 5.823796 5.283402 0.150000
v 5.799317 5.293095 0.150000
v 5.775228 5.304056 0.150000
v 5.752025 5.316111 0.150000
v 5.728020 5.329732 0.150000
v 5.705516 5.342382 0.150000
v 5.684431 5.353016 0.150000
v 5.664685 5.360591 0.150000
v 5.646307 5.364499 0.150000
v 5.627462 5.365005 0.150000
v 5.625000 5.364849 0.150000
v 5.885150 5.625000 0.150000
v 5.884995 5.622537 0.150000
v 5.885501 5.603693 0.150000
v 5.889409 5.585315 0.150000
v 5.896984 5.565569 0.150000
v 5.907618 5.544484 0.150000
v 5.920268 5.521980 0.150000
v 5.933889 5.497975 0.150000
v 5.945944 5.474772 0.150000
v 5.956905 5.450684 0.150000
v 5.966598 5.426204 0.150000
v 5.974848 5.401831 0.150000
v 5.983827 5.371748 0.150000
v 5.992457 5.343059 0.150000
v 6.001907 5.315528 0.150000
v 6.013346 5.288916 0.150000
v 6.063330 6.063330 0.150000
v 6.013346 5.961084 0.150000
v 6.001907 5.934472 0.150000
v 5.992457 5.906941 0.150000
v 5.983827 5.878252 0.150000
v 5.974848 5.848169 0.150000
v 5.966598 5.823796 0.150000
v 5.956905 5.799317 0.150000
v 5.945944 5.775228 0.150000
v 5.933889 5.752025 0.150000
v 5.920268 5.728020 0.150000
v 5.907618 5.705516 0.150000
v 5.896984 5.684431 0.150000
v 5.889409 5.664685 0.150000
v 5.885501 5.646307 0.150000
v 5.884995 5.627462 0.150000
v 5.625000 5.885150 0.150000
v 5.627462 5.884995 0.150000
v 5.646307 5.885501 0.150000
v 5.664685 5.889409 0.150000
v 5.684431 5.896984 0.150000
v 5.705516 5.907618 0.150000
v 5.728020 5.920268 0.150000
v 5.752025 5.933889 0.150000
v 5.775228 5.945944 0.150000
v 5.799317 5.956905 0.150000
v 5.823796 5.966598 0.150000
v 5.848169 5.974848 0.150000
v 5.878252 5.983827 0.150000
v 5.906941 5.992457 0.150000
v 5.934472 6.001907 0.150000
v 5.961084 6.013346 0.150000
v 5.186670 6.063330 0.150000
v 5.288916 6.013346 0.150000
v 5.315528 6.001907 0.150000
v 5.343059 5.992457 0.150000
v 5.371748 5.983827 0.150000
v 5.401831 5.974848 0.150000
v 5.426204 5.966598 0.150000
v 5.450684 5.956905 0.150000
v 5.474772 5.945944 0.150000
v 5.497975 5.933889 0.150000
v 5.521980 5.920268 0.150000
v 5.544484 5.907618 0.150000
v 5.565569 5.896984 0.150000
v 5.585315 5.889409 0.150000
v 5.603693 5.885501 0.150000
v 5.622537 5.884995 0.150000
v 5.364849 5.625000 0.150000
v 5.365005 5.627462 0.150000
v 5.364499 5.646307 0.150000
v 5.360591 5.664685 0.150000
v 5.353016 5.684431 0.150000
v 5.342382 5.705516 0.150000
v 5.329732 5.728020 0.150000
v 5.316111 5.752025 0.150000
v 5.304056 5.775228 0.150000
v 5.293095 5.799317 0.150000
v 5.283402 5.823796 0.150000
v 5.275152 5.848169 0.150000
v 5.266173 5.878252 0.150000
v 5.257543 5.906941 0.150000
v 5.248093 5.934472 0.150000
v 5.236654 5.961084 0.150000
v 5.186670 5.186670 0.150000
v 5.236654 5.288916 0.150000
v 5.248093 5.315528 0.150000
v 5.257543 5.343059 0.150000
v 5.266173 5.371748 0.150000
v 5.275152 5.401831 0.150000
v 5.283402 5.426204 0.150000
v 5.293095 5.450684 0.150000
v 5.304056 5.474772 0.150000
v 5.316111 5.497975 0.150000
v 5.329732 5.521980 0.150000
v 5.342382 5.544484 0.150000
v 5.353016 5.565569 0.150000
v 5.360591 5.585315 0.150000
v 5.364499 5.603693 0.150000
v 5.365005 5.622537 0.150000
v 5.622537 5.365005 0.150000
v 5.603693 5.364499 0.150000
v 5.585315 5.360591 0.150000
v 5.565569 5.353016 0.150000
v 5.544484 5.342382 0.150000
v 5.521980 5.329732 0.150000
v 5.497975 5.316111 0.150000
v 5.474772 5.304056 0.150000
v 5.450684 5.293095 0.150000
v 5.426204 5.283402 0.150000
v 5.401831 5.275152 0.150000
v 5.371748 5.266173 0.150000
v 5.343059 5.257543 0.150000
v 5.315528 5.248093 0.150000
v 5.288916 5.236654 0.150000
v 5.475000 5.625000 0.250000
v 5.476943 5.600938 0.250000
v 5.482719 5.577500 0.250000
v 5.492181 5.555291 0.250000
v 5.505083 5.534889 0.250000
v 5.521091 5.516820 0.250000
v 5.539790 5.501552 0.250000
v 5.560696 5.489482 0.250000
v 5.583268 5.480922 0.250000
v 5.606919 5.476094 0.250000
v 5.631040 5.475122 0.250000
v 5.655004 5.478031 0.250000
v 5.678191 5.484748 0.250000
v 5.700000 5.495096 0.250000
v 5.719867 5.508809 0.250000
v 5.737277 5.525532 0.250000
v 5.751778 5.544830 0.250000
v 5.762997 5.566205 0.250000
v 5.770641 5.589103 0.250000
v 5.774514 5.612930 0.250000
v 5.774514 5.637070 0.250000
v 5.770641 5.660897 0.250000
v 5.762997 5.683795 0.250000
v 5.751778 5.705170 0.250000
v 5.737277 5.724468 0.250000
v 5.719867 5.741191 0.250000
v 5.700000 5.754904 0.250000
v 5.678191 5.765253 0.250000
v 5.655004 5.771968 0.250000
v 5.631040 5.774878 0.250000
v 5.606919 5.773906 0.250000
v 5.583268 5.769078 0.250000
v 5.560696 5.760518 0.250000
v 5.539790 5.748448 0.250000
v 5.521091 5.733180 0.250000
v 5.505083 5.715111 0.250000
v 5.492181 5.694708 0.250000
v 5.482719 5.672500 0.250000
v 5.476943 5.649062 0.250000
v 5.475000 5.625000 0.000000
v 5.476943 5.649062 0.000000
v 5.482719 5.672500 0.000000
v 5.492181 5.694708 0.000000
v 5.505083 5.715111 0.000000
v 5.521091 5.733180 0.000000
v 5.539790 5.748448 0.000000
v 5.560696 5.760518 0.000000
v 5.583268 5.769078 0.000000
v 5.606919 5.773906 0.000000
v 5.631040 5.774878 0.000000
v 5.655004 5.771968 0.000000
v 5.678191 5.765253 0.000000
v 5.700000 5.754904 0.000000
v 5.719867 5.741191 0.000000
v 5.737277 5.724468 0.000000
v 5.751778 5.705170 0.000000
v 5.762997 5.683795 0.000000
v 5.770641 5.660897 0.000000
v 5.774514 5.637070 0.000000
v 5.774514 5.612930 0.000000
v 5.770641 5.589103 0.000000
v 5.762997 5.566205 0.000000
v 5.751778 5.544830 0.000000
v 5.737277 5.525532 0.000000
v 5.719867 5.508809 0.000000
v 5.700000 5.495096 0.000000
v 5.678191 5.484748 0.000000
v 5.655004 5.478031 0.000000
v 5.631040 5.475122 0.000000
v 5.606919 5.476094 0.000000
v 5.583268 5.480922 0.000000
v 5.560696 5.489482 0.000000
v 5.539790 5.501552 0.000000
v 5.521091 5.516820 0.000000
v 5.505083 5.534889 0.000000
v 5.492181 5.555291 0.000000
v 5.482719 5.577500 0.000000
v 5.476943 5.600938 0.000000
v 5.475000 6.375000 0.000000
v 5.476943 6.399062 0.000000
v 5.482719 6.422500 0.000000
v 5.492181 6.444709 0.000000
v 5.505083 6.465111 0.000000
v 5.521091 6.483180 0.000000
v 5.539790 6.498448 0.000000
v 5.560696 6.510518 0.000000
v 5.583268 6.519078 0.000000
v 5.606919 6.523907 0.000000
v 5.631040 6.524878 0.000000
v 5.655004 6.521968 0.000000
v 5.678191 6.515252 0.000000
v 5.700000 6.504904 0.000000
v 5.719867 6.491191 0.000000
v 5.737277 6.474469 0.000000
v 5.751778 6.455170 0.000000
v 5.762997 6.433795 0.000000
v 5.770641 6.410898 0.000000
v 5.774514 6.387070 0.000000
v 5.774514 6.362930 0.000000
v 5.770641 6.339102 0.000000
v 5.762997 6.316205 0.000000
v 5.751778 6.294830 0.000000
v 5.737277 6.275531 0.000000
v 5.719867 6.258809 0.000000
v 5.700000 6.245096 0.000000
v 5.678191 6.234748 0.000000
v 5.655004 6.228031 0.000000
v 5.631040 6.225121 0.000000
v 5.606919 6.226094 0.000000
v 5.583268 6.230922 0.000000
v 5.560696 6.239483 0.000000
v 5.539790 6.251553 0.000000
v 5.521091 6.266820 0.000000
v 5.505083 6.284889 0.000000
v 5.492181 6.305291 0.000000
v 5.482719 6.327500 0.000000
v 5.476943 6.350939 0.000000
v 6.225000 5.625000 0.000000
v 6.226942 5.649062 0.000000
v 6.232719 5.672500 0.000000
v 6.242182 5.694708 0.000000
v 6.255084 5.715111 0.000000
v 6.271091 5.733180 0.000000
v 6.289790 5.748448 0.000000
v 6.310696 5.760518 0.000000
v 6.333267 5.769078 0.000000
v 6.356920 5.773906 0.000000
v 6.381040 5.774878 0.000000
v 6.405004 5.771968 0.000000
v 6.428191 5.765253 0.000000
v 6.450000 5.754904 0.000000
v 6.469867 5.741191 0.000000
v 6.487276 5.724468 0.000000
v 6.501778 5.705170 0.000000
v 6.512997 5.683795 0.000000
v 6.520642 5.660897 0.000000
v 6.524513 5.637070 0.000000
v 6.524513 5.612930 0.000000
v 6.520642 5.589103 0.000000
v 6.512997 5.566205 0.000000
v 6.501778 5.544830 0.000000
v 6.487276 5.525532 0.000000
v 6.469867 5.508809 0.000000
v 6.450000 5.495096 0.000000
v 6.428191 5.484748 0.000000
v 6.405004 5.478031 0.000000
v 6.381040 5.475122 0.000000
v 6.356920 5.476094 0.000000
v 6.333267 5.480922 0.000000
v 6.310696 5.489482 0.000000
v 6.289790 5.501552 0.000000
v 6.271091 5.516820 0.000000
v 6.255084 5.534889 0.000000
v 6.242182 5.555291 0.000000
v 6.232719 5.577500 0.000000
v 6.226942 5.600938 0.000000
v 5.475000 4.875000 0.000000
v 5.476943 4.899062 0.000000
v 5.482719 4.922500 0.000000
v 5.492181 4.944709 0.000000
v 5.505083 4.965111 0.000000
v 5.521091 4.983180 0.000000
v 5.539790 4.998448 0.000000
v 5.560696 5.010518 0.000000
v 5.583268 5.019078 0.000000
v 5.606919 5.023906 0.000000
v 5.631040 5.024878 0.000000
v 5.655004 5.021969 0.000000
v 5.678191 5.015252 0.000000
v 5.700000 5.004904 0.000000
v 5.719867 4.991191 0.000000
v 5.737277 4.974468 0.000000
v 5.751778 4.955170 0.000000
v 5.762997 4.933795 0.000000
v 5.770641 4.910897 0.000000
v 5.774514 4.887070 0.000000
v 5.774514 4.862930 0.000000
v 5.770641 4.839103 0.000000
v 5.762997 4.816205 0.000000
v 5.751778 4.794830 0.000000
v 5.737277 4.775532 0.000000
v 5.719867 4.758809 0.000000
v 5.700000 4.745096 0.000000
v 5.678191 4.734747 0.000000
v 5.655004 4.728032 0.000000
v 5.631040 4.725122 0.000000
v 5.606919 4.726094 0.000000
v 5.583268 4.730922 0.000000
v 5.560696 4.739482 0.000000
v 5.539790 4.751552 0.000000
v 5.521091 4.766820 0.000000
v 5.505083 4.784889 0.000000
v 5.492181 4.805292 0.000000
v 5.482719 4.827500 0.000000
v 5.476943 4.850938 0.000000
v 4.725000 5.625000 0.000000
v 4.726942 5.649062 0.000000
v 4.732720 5.672500 0.000000
v 4.742182 5.694708 0.000000
v 4.755084 5.715111 0.000000
v 4.771091 5.733180 0.000000
v 4.789790 5.748448 0.000000
v 4.810696 5.760518 0.000000
v 4.833267 5.769078 0.000000
v 4.856919 5.773906 0.000000
v 4.881040 5.774878 0.000000
v 4.905004 5.771968 0.000000
v 4.928191 5.765253 0.000000
v 4.950000 5.754904 0.000000
v 4.969867 5.741191 0.000000
v 4.987277 5.724468 0.000000
v 5.001778 5.705170 0.000000
v 5.012997 5.683795 0.000000
v 5.020641 5.660897 0.000000
v 5.024513 5.637070 0.000000
v 5.024513 5.612930 0.000000
v 5.020641 5.589103 0.000000
v 5.012997 5.566205 0.000000
v 5.001778 5.544830 0.000000
v 4.987277 5.525532 0.000000
v 4.969867 5.508809 0.000000
v 4.950000 5.495096 0.000000
v 4.928191 5.484748 0.000000
v 4.905004 5.478031 0.000000
v 4.881040 5.475122 0.000000
v 4.856919 5.476094 0.000000
v 4.833267 5.480922 0.000000
v 4.810696 5.489482 0.000000
v 4.789790 5.501552 0.000000
v 4.771091 5.516820 0.000000
v 4.755084 5.534889 0.000000
v 4.742182 5.555291 0.000000
v 4.732720 5.577500 0.000000
v 4.726942 5.600938 0.000000
v 6.750000 6.750000 0.000000
usemtl Steel_-_Satin
f 2 24 1
f 1 24 25
f 1 25 26
f 26 25 32
f 26 32 20
f 20 32 19
f 19 32 18
f 18 32 38
f 18 38 17
f 17 38 44
f 17 44 16
f 16 44 50
f 16 50 15
f 15 50 14
f 14 50 56
f 14 56 13
f 13 56 12
f 12 56 55
f 12 55 54
f 54 55 48
f 54 48 47
f 48 42 41
f 41 47 48
f 42 36 35
f 35 41 42
f 36 30 29
f 29 35 36
f 29 30 23
f 23 30 24
f 23 24 2
f 3 21 2
f 2 21 22
f 2 22 23
f 23 22 29
f 21 3 27
f 27 3 4
f 27 4 5
f 27 5 33
f 33 5 6
f 33 6 39
f 39 6 7
f 39 7 45
f 45 7 8
f 45 8 9
f 45 9 51
f 51 9 10
f 51 10 52
f 52 10 53
f 52 53 46
f 46 53 47
f 47 41 40
f 40 46 47
f 41 35 34
f 34 40 41
f 35 29 28
f 28 34 35
f 28 29 22
f 11 12 10
f 10 12 53
f 20 1 26
f 28 22 21
f 25 24 31
f 31 24 30
f 30 36 37
f 37 31 30
f 36 42 43
f 43 37 36
f 42 48 49
f 49 43 42
f 49 48 55
f 34 28 27
f 27 28 21
f 38 32 31
f 31 32 25
f 40 34 33
f 33 34 27
f 44 38 37
f 37 38 31
f 46 40 39
f 39 40 33
f 50 44 43
f 43 44 37
f 52 46 45
f 45 46 39
f 51 52 45
f 54 47 53
f 56 50 49
f 49 50 43
f 56 49 55
f 12 54 53
f 57 70 2
f 2 70 71
f 2 71 72
f 72 71 78
f 72 78 3
f 3 78 4
f 4 78 5
f 5 78 84
f 5 84 6
f 6 84 90
f 6 90 7
f 7 90 96
f 7 96 8
f 8 96 9
f 9 96 102
f 9 102 10
f 10 102 11
f 11 102 101
f 11 101 100
f 100 101 94
f 100 94 93
f 94 88 87
f 87 93 94
f 88 82 81
f 81 87 88
f 82 76 75
f 75 81 82
f 75 76 69
f 69 76 70
f 69 70 57
f 58 67 57
f 57 67 68
f 57 68 69
f 69 68 75
f 67 58 73
f 73 58 59
f 73 59 60
f 73 60 79
f 79 60 61
f 79 61 85
f 85 61 62
f 85 62 91
f 91 62 63
f 91 63 64
f 91 64 97
f 97 64 65
f 97 65 98
f 98 65 99
f 98 99 92
f 92 99 93
f 93 87 86
f 86 92 93
f 87 81 80
f 80 86 87
f 81 75 74
f 74 80 81
f 74 75 68
f 66 11 65
f 65 11 99
f 3 2 72
f 74 68 67
f 71 70 77
f 77 70 76
f 76 82 83
f 83 77 76
f 82 88 89
f 89 83 82
f 88 94 95
f 95 89 88
f 95 94 101
f 80 74 73
f 73 74 67
f 84 78 77
f 77 78 71
f 86 80 79
f 79 80 73
f 90 84 83
f 83 84 77
f 92 86 85
f 85 86 79
f 96 90 89
f 89 90 83
f 98 92 91
f 91 92 85
f 97 98 91
f 100 93 99
f 102 96 95
f 95 96 89
f 102 95 101
f 11 100 99
f 103 116 57
f 57 116 117
f 57 117 118
f 118 117 124
f 118 124 58
f 58 124 59
f 59 124 60
f 60 124 130
f 60 130 61
f 61 130 136
f 61 136 62
f 62 136 142
f 62 142 63
f 63 142 64
f 64 142 148
f 64 148 65
f 65 148 66
f 66 148 147
f 66 147 146
f 146 147 140
f 146 140 139
f 140 134 133
f 133 139 140
f 134 128 127
f 127 133 134
f 128 122 121
f 121 127 128
f 121 122 115
f 115 122 116
f 115 116 103
f 104 113 103
f 103 113 114
f 103 114 115
f 115 114 121
f 113 104 119
f 119 104 105
f 119 105 106
f 119 106 125
f 125 106 107
f 125 107 131
f 131 107 108
f 131 108 137
f 137 108 109
f 137 109 110
f 137 110 143
f 143 110 111
f 143 111 144
f 144 111 145
f 144 145 138
f 138 145 139
f 139 133 132
f 132 138 139
f 133 127 126
f 126 132 133
f 127 121 120
f 120 126 127
f 120 121 114
f 112 66 111
f 111 66 145
f 58 57 118
f 120 114 113
f 117 116 123
f 123 116 122
f 122 128 129
f 129 123 122
f 128 134 135
f 135 129 128
f 134 140 141
f 141 135 134
f 141 140 147
f 126 120 119
f 119 120 113
f 130 124 123
f 123 124 117
f 132 126 125
f 125 126 119
f 136 130 129
f 129 130 123
f 138 132 131
f 131 132 125
f 142 136 135
f 135 136 129
f 144 138 137
f 137 138 131
f 143 144 137
f 146 139 145
f 148 142 141
f 141 142 135
f 148 141 147
f 66 146 145
f 12 112 13
f 13 112 152
f 13 152 153
f 153 152 159
f 153 159 160
f 160 159 166
f 160 166 16
f 16 166 17
f 17 166 172
f 17 172 18
f 18 172 178
f 18 178 19
f 19 178 20
f 20 178 184
f 20 184 1
f 1 184 183
f 1 183 182
f 182 183 176
f 182 176 175
f 176 170 169
f 169 175 176
f 170 164 163
f 163 169 170
f 164 158 157
f 157 163 164
f 157 158 151
f 151 158 152
f 151 152 112
f 111 149 112
f 112 149 150
f 112 150 151
f 151 150 157
f 111 110 149
f 149 110 155
f 149 155 156
f 156 155 162
f 162 163 157
f 157 156 162
f 110 109 155
f 155 109 108
f 155 108 161
f 161 108 107
f 161 107 167
f 167 107 106
f 167 106 173
f 173 106 105
f 173 105 104
f 173 104 179
f 179 104 103
f 179 103 180
f 180 103 181
f 180 181 174
f 174 181 175
f 175 169 168
f 168 174 175
f 169 163 162
f 162 168 169
f 103 1 181
f 181 1 182
f 181 182 175
f 16 15 160
f 160 15 14
f 160 14 154
f 154 14 13
f 154 13 153
f 157 150 156
f 156 150 149
f 159 152 158
f 160 154 153
f 158 164 165
f 165 159 158
f 164 170 171
f 171 165 164
f 170 176 177
f 177 171 170
f 177 176 183
f 168 162 161
f 161 162 155
f 172 166 165
f 165 166 159
f 174 168 167
f 167 168 161
f 178 172 171
f 171 172 165
f 180 174 173
f 173 174 167
f 179 180 173
f 184 178 177
f 177 178 171
f 184 177 183
f 112 12 186
f 186 12 185
f 12 11 185
f 185 11 187
f 189 301 188
f 188 301 315
f 188 315 316
f 190 292 189
f 189 292 293
f 189 293 294
f 191 103 190
f 190 103 57
f 190 57 292
f 292 57 326
f 292 326 327
f 103 191 196
f 196 191 188
f 196 188 323
f 323 188 322
f 322 188 321
f 321 188 320
f 320 188 319
f 319 188 318
f 318 188 317
f 317 188 316
f 193 228 192
f 192 228 229
f 192 229 230
f 228 193 1
f 1 193 194
f 1 194 2
f 2 194 260
f 2 260 325
f 325 260 324
f 324 260 261
f 324 261 262
f 194 195 260
f 260 195 259
f 259 195 258
f 258 195 257
f 257 195 256
f 256 195 255
f 255 195 254
f 254 195 253
f 253 195 252
f 252 195 251
f 251 195 192
f 251 192 237
f 237 192 236
f 236 192 235
f 235 192 234
f 234 192 233
f 233 192 232
f 232 192 231
f 231 192 230
f 197 331 196
f 196 331 328
f 196 328 103
f 103 328 329
f 103 329 1
f 1 329 228
f 197 198 331
f 331 198 199
f 331 199 200
f 200 201 331
f 331 201 202
f 331 202 203
f 203 204 331
f 331 204 205
f 331 205 219
f 219 205 218
f 218 205 206
f 218 206 217
f 217 206 207
f 217 207 216
f 216 207 208
f 216 208 212
f 212 208 209
f 212 209 211
f 211 209 210
f 216 212 215
f 215 212 213
f 215 213 214
f 331 219 330
f 330 219 220
f 330 220 221
f 221 222 330
f 330 222 223
f 330 223 224
f 224 225 330
f 330 225 226
f 330 226 227
f 227 228 330
f 330 228 329
f 237 238 251
f 251 238 250
f 250 238 239
f 250 239 249
f 249 239 240
f 249 240 248
f 248 240 244
f 248 244 247
f 247 244 245
f 247 245 246
f 240 241 244
f 244 241 243
f 243 241 242
f 262 263 324
f 324 263 264
f 324 264 265
f 265 266 324
f 324 266 267
f 324 267 268
f 268 269 324
f 324 269 283
f 324 283 327
f 327 283 284
f 327 284 285
f 283 269 282
f 282 269 270
f 282 270 281
f 281 270 271
f 281 271 280
f 280 271 272
f 280 272 276
f 276 272 273
f 276 273 275
f 275 273 274
f 280 276 279
f 279 276 277
f 279 277 278
f 285 286 327
f 327 286 287
f 327 287 288
f 288 289 327
f 327 289 290
f 327 290 291
f 291 292 327
f 294 295 189
f 189 295 296
f 189 296 297
f 297 298 189
f 189 298 299
f 189 299 300
f 300 301 189
f 315 301 314
f 314 301 302
f 314 302 313
f 313 302 303
f 313 303 312
f 312 303 304
f 312 304 308
f 308 304 305
f 308 305 307
f 307 305 306
f 312 308 311
f 311 308 309
f 311 309 310
f 325 326 2
f 2 326 57
f 349 191 351
f 351 191 190
f 351 190 332
f 332 333 351
f 351 333 350
f 351 350 348
f 348 350 347
f 347 350 352
f 347 352 346
f 346 352 353
f 346 353 345
f 345 353 354
f 345 354 344
f 344 354 343
f 343 354 355
f 343 355 342
f 342 355 341
f 341 355 339
f 341 339 340
f 333 334 350
f 350 334 352
f 334 335 352
f 352 335 353
f 335 336 353
f 353 336 354
f 336 337 354
f 354 337 338
f 354 338 355
f 355 338 339
f 348 349 351
f 373 189 375
f 375 189 188
f 375 188 356
f 356 357 375
f 375 357 374
f 375 374 372
f 372 374 371
f 371 374 376
f 371 376 370
f 370 376 377
f 370 377 369
f 369 377 378
f 369 378 368
f 368 378 367
f 367 378 379
f 367 379 366
f 366 379 365
f 365 379 363
f 365 363 364
f 357 358 374
f 374 358 376
f 358 359 376
f 376 359 377
f 359 360 377
f 377 360 378
f 360 361 378
f 378 361 362
f 378 362 379
f 379 362 363
f 372 373 375
f 341 364 342
f 342 364 380
f 342 380 343
f 343 380 381
f 343 381 344
f 344 381 345
f 345 381 382
f 345 382 346
f 346 382 383
f 346 383 347
f 347 383 384
f 347 384 348
f 348 384 349
f 349 384 385
f 349 385 191
f 191 385 188
f 188 385 356
f 356 385 384
f 356 384 357
f 357 384 358
f 358 384 383
f 358 383 359
f 359 383 382
f 359 382 360
f 360 382 381
f 360 381 361
f 361 381 362
f 362 381 380
f 362 380 363
f 363 380 364
f 332 190 387
f 387 190 189
f 387 189 386
f 386 189 373
f 386 373 387
f 387 373 372
f 387 372 388
f 388 372 371
f 388 371 389
f 389 371 370
f 389 370 390
f 390 370 369
f 390 369 391
f 391 369 368
f 391 368 367
f 391 367 392
f 392 367 366
f 392 366 340
f 340 366 365
f 340 339 392
f 392 339 338
f 392 338 391
f 391 338 337
f 391 337 336
f 391 336 390
f 390 336 335
f 390 335 389
f 389 335 334
f 389 334 388
f 388 334 333
f 388 333 387
f 387 333 332
f 340 365 394
f 394 365 393
f 365 364 393
f 393 364 395
f 413 329 415
f 415 329 328
f 415 328 396
f 396 397 415
f 415 397 414
f 415 414 412
f 412 414 411
f 411 414 416
f 411 416 410
f 410 416 417
f 410 417 409
f 409 417 418
f 409 418 408
f 408 418 407
f 407 418 419
f 407 419 406
f 406 419 405
f 405 419 403
f 405 403 404
f 397 398 414
f 414 398 416
f 398 399 416
f 416 399 417
f 399 400 417
f 417 400 418
f 400 401 418
f 418 401 402
f 418 402 419
f 419 402 403
f 412 413 415
f 396 328 430
f 430 328 331
f 430 331 429
f 429 331 420
f 429 420 430
f 430 420 421
f 430 421 431
f 431 421 422
f 431 422 432
f 432 422 423
f 432 423 433
f 433 423 424
f 433 424 434
f 434 424 425
f 434 425 426
f 434 426 435
f 435 426 427
f 435 427 404
f 404 427 428
f 404 403 435
f 435 403 402
f 435 402 434
f 434 402 401
f 434 401 400
f 434 400 433
f 433 400 399
f 433 399 432
f 432 399 398
f 432 398 431
f 431 398 397
f 431 397 430
f 430 397 396
f 405 436 406
f 406 436 445
f 406 445 407
f 407 445 446
f 407 446 408
f 408 446 409
f 409 446 447
f 409 447 410
f 410 447 448
f 410 448 411
f 411 448 449
f 411 449 412
f 412 449 413
f 413 449 450
f 413 450 329
f 329 450 330
f 330 450 444
f 444 450 449
f 444 449 443
f 443 449 442
f 442 449 448
f 442 448 441
f 441 448 447
f 441 447 440
f 440 447 446
f 440 446 439
f 439 446 438
f 438 446 445
f 438 445 437
f 437 445 436
f 420 331 452
f 452 331 330
f 452 330 444
f 444 443 452
f 452 443 451
f 452 451 421
f 421 451 422
f 422 451 453
f 422 453 423
f 423 453 454
f 423 454 424
f 424 454 455
f 424 455 425
f 425 455 426
f 426 455 456
f 426 456 427
f 427 456 428
f 428 456 437
f 428 437 436
f 443 442 451
f 451 442 453
f 442 441 453
f 453 441 454
f 441 440 454
f 454 440 455
f 440 439 455
f 455 439 438
f 455 438 456
f 456 438 437
f 421 420 452
f 436 405 458
f 458 405 457
f 405 404 457
f 457 404 459
f 477 193 479
f 479 193 192
f 479 192 478
f 478 192 460
f 478 460 479
f 479 460 461
f 479 461 480
f 480 461 462
f 480 462 481
f 481 462 463
f 481 463 482
f 482 463 464
f 482 464 483
f 483 464 465
f 483 465 466
f 483 466 484
f 484 466 467
f 484 467 469
f 469 467 468
f 469 470 484
f 484 470 471
f 484 471 483
f 483 471 472
f 483 472 473
f 483 473 482
f 482 473 474
f 482 474 481
f 481 474 475
f 481 475 480
f 480 475 476
f 480 476 479
f 479 476 477
f 460 192 495
f 495 192 195
f 495 195 485
f 485 486 495
f 495 486 494
f 495 494 461
f 461 494 462
f 462 494 496
f 462 496 463
f 463 496 497
f 463 497 464
f 464 497 498
f 464 498 465
f 465 498 466
f 466 498 499
f 466 499 467
f 467 499 468
f 468 499 492
f 468 492 493
f 486 487 494
f 494 487 496
f 487 488 496
f 496 488 497
f 488 489 497
f 497 489 498
f 489 490 498
f 498 490 491
f 498 491 499
f 499 491 492
f 461 460 495
f 469 500 470
f 470 500 509
f 470 509 471
f 471 509 510
f 471 510 472
f 472 510 473
f 473 510 511
f 473 511 474
f 474 511 512
f 474 512 475
f 475 512 513
f 475 513 476
f 476 513 514
f 476 514 477
f 477 514 193
f 193 514 194
f 194 514 508
f 508 514 507
f 507 514 513
f 507 513 506
f 506 513 512
f 506 512 505
f 505 512 511
f 505 511 504
f 504 511 510
f 504 510 503
f 503 510 502
f 502 510 509
f 502 509 501
f 501 509 500
f 485 195 516
f 516 195 194
f 516 194 508
f 516 508 515
f 515 508 507
f 515 507 506
f 515 506 517
f 517 506 505
f 517 505 518
f 518 505 504
f 518 504 519
f 519 504 503
f 519 503 502
f 519 502 520
f 520 502 501
f 520 501 493
f 493 501 500
f 493 492 520
f 520 492 491
f 520 491 519
f 519 491 490
f 519 490 489
f 519 489 518
f 518 489 488
f 518 488 517
f 517 488 487
f 517 487 515
f 515 487 486
f 515 486 485
f 515 485 516
f 500 469 522
f 522 469 521
f 469 468 521
f 521 468 523
f 541 327 543
f 543 327 326
f 543 326 524
f 543 524 542
f 542 524 525
f 542 525 526
f 542 526 544
f 544 526 527
f 544 527 545
f 545 527 528
f 545 528 546
f 546 528 529
f 546 529 530
f 546 530 547
f 547 530 531
f 547 531 533
f 533 531 532
f 533 534 547
f 547 534 535
f 547 535 546
f 546 535 536
f 546 536 537
f 546 537 545
f 545 537 538
f 545 538 544
f 544 538 539
f 544 539 542
f 542 539 540
f 542 540 541
f 542 541 543
f 565 325 567
f 567 325 324
f 567 324 566
f 566 324 548
f 566 548 567
f 567 548 549
f 567 549 568
f 568 549 550
f 568 550 569
f 569 550 551
f 569 551 570
f 570 551 552
f 570 552 571
f 571 552 553
f 571 553 554
f 571 554 572
f 572 554 555
f 572 555 557
f 557 555 556
f 557 558 572
f 572 558 559
f 572 559 571
f 571 559 560
f 571 560 561
f 571 561 570
f 570 561 562
f 570 562 569
f 569 562 563
f 569 563 568
f 568 563 564
f 568 564 567
f 567 564 565
f 533 556 534
f 534 556 573
f 534 573 535
f 535 573 574
f 535 574 536
f 536 574 537
f 537 574 575
f 537 575 538
f 538 575 576
f 538 576 539
f 539 576 577
f 539 577 540
f 540 577 578
f 540 578 541
f 541 578 327
f 327 578 324
f 324 578 548
f 548 578 549
f 549 578 577
f 549 577 550
f 550 577 576
f 550 576 551
f 551 576 575
f 551 575 552
f 552 575 574
f 552 574 553
f 553 574 554
f 554 574 573
f 554 573 555
f 555 573 556
f 524 326 580
f 580 326 325
f 580 325 565
f 565 564 580
f 580 564 579
f 580 579 525
f 525 579 526
f 526 579 581
f 526 581 527
f 527 581 582
f 527 582 528
f 528 582 583
f 528 583 529
f 529 583 530
f 530 583 584
f 530 584 531
f 531 584 532
f 532 584 558
f 532 558 557
f 564 563 579
f 579 563 581
f 563 562 581
f 581 562 582
f 562 561 582
f 582 561 583
f 561 560 583
f 583 560 559
f 583 559 584
f 584 559 558
f 525 524 580
f 532 557 586
f 586 557 585
f 557 556 585
f 585 556 587
f 364 341 395
f 395 341 588
f 341 340 588
f 588 340 394
f 590 393 589
f 589 393 395
f 589 395 627
f 627 395 626
f 626 395 625
f 625 395 624
f 624 395 623
f 623 395 622
f 622 395 621
f 621 395 620
f 620 395 619
f 619 395 618
f 618 395 588
f 618 588 617
f 617 588 616
f 616 588 615
f 615 588 614
f 614 588 613
f 613 588 612
f 612 588 611
f 611 588 610
f 610 588 609
f 609 588 608
f 608 588 394
f 608 394 607
f 607 394 606
f 606 394 605
f 605 394 604
f 604 394 603
f 603 394 602
f 602 394 601
f 601 394 600
f 600 394 599
f 599 394 393
f 599 393 598
f 598 393 597
f 597 393 596
f 596 393 595
f 595 393 594
f 594 393 593
f 593 393 592
f 592 393 591
f 591 393 590
f 404 428 459
f 459 428 628
f 428 436 628
f 628 436 458
f 630 458 629
f 629 458 457
f 629 457 667
f 667 457 666
f 666 457 665
f 665 457 664
f 664 457 663
f 663 457 662
f 662 457 661
f 661 457 660
f 660 457 659
f 659 457 658
f 658 457 459
f 658 459 657
f 657 459 656
f 656 459 655
f 655 459 654
f 654 459 653
f 653 459 652
f 652 459 651
f 651 459 650
f 650 459 649
f 649 459 648
f 648 459 628
f 648 628 647
f 647 628 646
f 646 628 645
f 645 628 644
f 644 628 643
f 643 628 642
f 642 628 641
f 641 628 640
f 640 628 639
f 639 628 458
f 639 458 638
f 638 458 637
f 637 458 636
f 636 458 635
f 635 458 634
f 634 458 633
f 633 458 632
f 632 458 631
f 631 458 630
f 556 533 587
f 587 533 668
f 533 532 668
f 668 532 586
f 670 585 669
f 669 585 587
f 669 587 707
f 707 587 706
f 706 587 705
f 705 587 704
f 704 587 703
f 703 587 702
f 702 587 701
f 701 587 700
f 700 587 699
f 699 587 698
f 698 587 668
f 698 668 697
f 697 668 696
f 696 668 695
f 695 668 694
f 694 668 693
f 693 668 692
f 692 668 691
f 691 668 690
f 690 668 689
f 689 668 688
f 688 668 586
f 688 586 687
f 687 586 686
f 686 586 685
f 685 586 684
f 684 586 683
f 683 586 682
f 682 586 681
f 681 586 680
f 680 586 679
f 679 586 585
f 679 585 678
f 678 585 677
f 677 585 676
f 676 585 675
f 675 585 674
f 674 585 673
f 673 585 672
f 672 585 671
f 671 585 670
f 468 493 523
f 523 493 708
f 493 500 708
f 708 500 522
f 710 522 709
f 709 522 521
f 709 521 747
f 747 521 746
f 746 521 745
f 745 521 744
f 744 521 743
f 743 521 742
f 742 521 741
f 741 521 740
f 740 521 739
f 739 521 738
f 738 521 523
f 738 523 737
f 737 523 736
f 736 523 735
f 735 523 734
f 734 523 733
f 733 523 732
f 732 523 731
f 731 523 730
f 730 523 729
f 729 523 728
f 728 523 708
f 728 708 727
f 727 708 726
f 726 708 725
f 725 708 724
f 724 708 723
f 723 708 722
f 722 708 721
f 721 708 720
f 720 708 719
f 719 708 522
f 719 522 718
f 718 522 717
f 717 522 716
f 716 522 715
f 715 522 714
f 714 522 713
f 713 522 712
f 712 522 711
f 711 522 710
f 748 749 775
f 775 749 774
f 774 749 750
f 774 750 773
f 773 750 751
f 773 751 772
f 772 751 752
f 772 752 771
f 771 752 753
f 771 753 770
f 770 753 754
f 770 754 769
f 769 754 755
f 769 755 768
f 768 755 756
f 768 756 767
f 767 756 757
f 767 757 766
f 766 757 758
f 766 758 765
f 765 758 759
f 765 759 764
f 764 759 760
f 764 760 763
f 763 760 761
f 763 761 762
f 761 776 762
f 762 776 801
f 801 776 777
f 801 777 800
f 800 777 778
f 800 778 799
f 799 778 779
f 799 779 798
f 798 779 780
f 798 780 797
f 797 780 781
f 797 781 796
f 796 781 782
f 796 782 795
f 795 782 783
f 795 783 794
f 794 783 784
f 794 784 793
f 793 784 785
f 793 785 792
f 792 785 786
f 792 786 791
f 791 786 787
f 791 787 790
f 790 787 788
f 790 788 789
f 788 802 789
f 789 802 827
f 827 802 803
f 827 803 826
f 826 803 804
f 826 804 825
f 825 804 805
f 825 805 824
f 824 805 806
f 824 806 823
f 823 806 807
f 823 807 822
f 822 807 808
f 822 808 821
f 821 808 809
f 821 809 820
f 820 809 810
f 820 810 819
f 819 810 811
f 819 811 818
f 818 811 812
f 818 812 817
f 817 812 813
f 817 813 816
f 816 813 814
f 816 814 815
f 814 828 815
f 815 828 853
f 853 828 829
f 853 829 852
f 852 829 830
f 852 830 851
f 851 830 831
f 851 831 850
f 850 831 832
f 850 832 849
f 849 832 833
f 849 833 848
f 848 833 834
f 848 834 847
f 847 834 835
f 847 835 846
f 846 835 836
f 846 836 845
f 845 836 837
f 845 837 844
f 844 837 838
f 844 838 843
f 843 838 839
f 843 839 842
f 842 839 840
f 842 840 841
f 840 854 841
f 841 854 879
f 879 854 855
f 879 855 878
f 878 855 856
f 878 856 877
f 877 856 857
f 877 857 876
f 876 857 858
f 876 858 875
f 875 858 859
f 875 859 874
f 874 859 860
f 874 860 873
f 873 860 861
f 873 861 872
f 872 861 862
f 872 862 871
f 871 862 863
f 871 863 870
f 870 863 864
f 870 864 869
f 869 864 865
f 869 865 868
f 868 865 866
f 868 866 867
f 866 880 867
f 867 880 905
f 905 880 881
f 905 881 904
f 904 881 882
f 904 882 903
f 903 882 883
f 903 883 902
f 902 883 884
f 902 884 901
f 901 884 885
f 901 885 900
f 900 885 886
f 900 886 899
f 899 886 887
f 899 887 898
f 898 887 888
f 898 888 897
f 897 888 889
f 897 889 896
f 896 889 890
f 896 890 895
f 895 890 891
f 895 891 894
f 894 891 892
f 894 892 893
f 892 906 893
f 893 906 931
f 931 906 907
f 931 907 930
f 930 907 908
f 930 908 929
f 929 908 909
f 929 909 928
f 928 909 910
f 928 910 927
f 927 910 911
f 927 911 926
f 926 911 912
f 926 912 925
f 925 912 913
f 925 913 924
f 924 913 914
f 924 914 923
f 923 914 915
f 923 915 922
f 922 915 916
f 922 916 921
f 921 916 917
f 921 917 920
f 920 917 918
f 920 918 919
f 918 932 919
f 919 932 955
f 955 932 933
f 955 933 954
f 954 933 934
f 954 934 953
f 953 934 935
f 953 935 952
f 952 935 936
f 952 936 951
f 951 936 937
f 951 937 950
f 950 937 938
f 950 938 949
f 949 938 939
f 949 939 948
f 948 939 940
f 948 940 947
f 947 940 941
f 947 941 946
f 946 941 942
f 946 942 945
f 945 942 943
f 945 943 944
f 944 943 748
f 944 748 775
f 212 211 972
f 972 211 971
f 971 211 210
f 971 210 970
f 970 210 209
f 970 209 969
f 969 209 208
f 969 208 968
f 968 208 207
f 968 207 967
f 967 207 206
f 967 206 966
f 966 206 205
f 966 205 965
f 965 205 204
f 965 204 964
f 964 204 203
f 964 203 963
f 963 203 202
f 963 202 962
f 962 202 201
f 962 201 961
f 961 201 200
f 961 200 960
f 960 200 199
f 960 199 959
f 959 199 198
f 959 198 958
f 958 198 197
f 958 197 957
f 957 197 196
f 957 196 956
f 196 323 956
f 956 323 988
f 988 323 322
f 988 322 987
f 987 322 321
f 987 321 986
f 986 321 320
f 986 320 985
f 985 320 319
f 985 319 984
f 984 319 318
f 984 318 983
f 983 318 317
f 983 317 982
f 982 317 316
f 982 316 981
f 981 316 315
f 981 315 980
f 980 315 314
f 980 314 979
f 979 314 313
f 979 313 978
f 978 313 312
f 978 312 977
f 977 312 311
f 977 311 976
f 976 311 310
f 976 310 975
f 975 310 309
f 975 309 974
f 974 309 308
f 974 308 973
f 308 307 973
f 973 307 1004
f 1004 307 306
f 1004 306 1003
f 1003 306 305
f 1003 305 1002
f 1002 305 304
f 1002 304 1001
f 1001 304 303
f 1001 303 1000
f 1000 303 302
f 1000 302 999
f 999 302 301
f 999 301 998
f 998 301 300
f 998 300 997
f 997 300 299
f 997 299 996
f 996 299 298
f 996 298 995
f 995 298 297
f 995 297 994
f 994 297 296
f 994 296 993
f 993 296 295
f 993 295 992
f 992 295 294
f 992 294 991
f 991 294 293
f 991 293 990
f 990 293 292
f 990 292 989
f 292 291 989
f 989 291 1020
f 1020 291 290
f 1020 290 1019
f 1019 290 289
f 1019 289 1018
f 1018 289 288
f 1018 288 1017
f 1017 288 287
f 1017 287 1016
f 1016 287 286
f 1016 286 1015
f 1015 286 285
f 1015 285 1014
f 1014 285 284
f 1014 284 1013
f 1013 284 283
f 1013 283 1012
f 1012 283 282
f 1012 282 1011
f 1011 282 281
f 1011 281 1010
f 1010 281 280
f 1010 280 1009
f 1009 280 279
f 1009 279 1008
f 1008 279 278
f 1008 278 1007
f 1007 278 277
f 1007 277 1006
f 1006 277 276
f 1006 276 1005
f 276 275 1005
f 1005 275 1036
f 1036 275 274
f 1036 274 1035
f 1035 274 273
f 1035 273 1034
f 1034 273 272
f 1034 272 1033
f 1033 272 271
f 1033 271 1032
f 1032 271 270
f 1032 270 1031
f 1031 270 269
f 1031 269 1030
f 1030 269 268
f 1030 268 1029
f 1029 268 267
f 1029 267 1028
f 1028 267 266
f 1028 266 1027
f 1027 266 265
f 1027 265 1026
f 1026 265 264
f 1026 264 1025
f 1025 264 263
f 1025 263 1024
f 1024 263 262
f 1024 262 1023
f 1023 262 261
f 1023 261 1022
f 1022 261 260
f 1022 260 1021
f 260 259 1021
f 1021 259 1052
f 1052 259 258
f 1052 258 1051
f 1051 258 257
f 1051 257 1050
f 1050 257 256
f 1050 256 1049
f 1049 256 255
f 1049 255 1048
f 1048 255 254
f 1048 254 1047
f 1047 254 253
f 1047 253 1046
f 1046 253 252
f 1046 252 1045
f 1045 252 251
f 1045 251 1044
f 1044 251 250
f 1044 250 1043
f 1043 250 249
f 1043 249 1042
f 1042 249 248
f 1042 248 1041
f 1041 248 247
f 1041 247 1040
f 1040 247 246
f 1040 246 1039
f 1039 246 245
f 1039 245 1038
f 1038 245 244
f 1038 244 1037
f 244 243 1037
f 1037 243 1068
f 1068 243 242
f 1068 242 1067
f 1067 242 241
f 1067 241 1066
f 1066 241 240
f 1066 240 1065
f 1065 240 239
f 1065 239 1064
f 1064 239 238
f 1064 238 1063
f 1063 238 237
f 1063 237 1062
f 1062 237 236
f 1062 236 1061
f 1061 236 235
f 1061 235 1060
f 1060 235 234
f 1060 234 1059
f 1059 234 233
f 1059 233 1058
f 1058 233 232
f 1058 232 1057
f 1057 232 231
f 1057 231 1056
f 1056 231 230
f 1056 230 1055
f 1055 230 229
f 1055 229 1054
f 1054 229 228
f 1054 228 1053
f 228 227 1053
f 1053 227 1083
f 1083 227 226
f 1083 226 1082
f 1082 226 225
f 1082 225 1081
f 1081 225 224
f 1081 224 1080
f 1080 224 223
f 1080 223 1079
f 1079 223 222
f 1079 222 1078
f 1078 222 221
f 1078 221 1077
f 1077 221 220
f 1077 220 1076
f 1076 220 219
f 1076 219 1075
f 1075 219 218
f 1075 218 1074
f 1074 218 217
f 1074 217 1073
f 1073 217 216
f 1073 216 1072
f 1072 216 215
f 1072 215 1071
f 1071 215 214
f 1071 214 1070
f 1070 214 213
f 1070 213 1069
f 1069 213 212
f 1069 212 972
f 955 1069 919
f 919 1069 972
f 919 972 971
f 1069 955 1070
f 1070 955 954
f 1070 954 953
f 1070 953 1071
f 1071 953 952
f 1071 952 1072
f 1072 952 951
f 1072 951 1073
f 1073 951 950
f 1073 950 1074
f 1074 950 1075
f 1075 950 949
f 1075 949 1076
f 1076 949 1077
f 1077 949 948
f 1077 948 1078
f 1078 948 947
f 1078 947 1079
f 1079 947 946
f 1079 946 1080
f 1080 946 1081
f 1081 946 945
f 1081 945 1082
f 1082 945 944
f 1082 944 1083
f 1083 944 775
f 1083 775 1053
f 1053 775 1054
f 1054 775 774
f 1054 774 1055
f 1055 774 773
f 1055 773 1056
f 1056 773 772
f 1056 772 1057
f 1057 772 1058
f 1058 772 771
f 1058 771 1059
f 1059 771 770
f 1059 770 1060
f 1060 770 769
f 1060 769 1061
f 1061 769 1062
f 1062 769 768
f 1062 768 1063
f 1063 768 1064
f 1064 768 767
f 1064 767 1065
f 1065 767 766
f 1065 766 1066
f 1066 766 765
f 1066 765 1067
f 1067 765 764
f 1067 764 763
f 1067 763 1068
f 1068 763 762
f 1068 762 1037
f 1037 762 1038
f 1038 762 801
f 1038 801 1039
f 1039 801 800
f 1039 800 799
f 1039 799 1040
f 1040 799 798
f 1040 798 1041
f 1041 798 797
f 1041 797 1042
f 1042 797 796
f 1042 796 1043
f 1043 796 1044
f 1044 796 795
f 1044 795 1045
f 1045 795 1046
f 1046 795 794
f 1046 794 1047
f 1047 794 793
f 1047 793 1048
f 1048 793 792
f 1048 792 1049
f 1049 792 1050
f 1050 792 791
f 1050 791 1051
f 1051 791 790
f 1051 790 1052
f 1052 790 789
f 1052 789 1021
f 1021 789 1022
f 1022 789 827
f 1022 827 1023
f 1023 827 826
f 1023 826 1024
f 1024 826 825
f 1024 825 1025
f 1025 825 1026
f 1026 825 824
f 1026 824 1027
f 1027 824 823
f 1027 823 1028
f 1028 823 822
f 1028 822 1029
f 1029 822 1030
f 1030 822 821
f 1030 821 1031
f 1031 821 1032
f 1032 821 820
f 1032 820 1033
f 1033 820 819
f 1033 819 1034
f 1034 819 818
f 1034 818 1035
f 1035 818 817
f 1035 817 816
f 1035 816 1036
f 1036 816 815
f 1036 815 1005
f 1005 815 1006
f 1006 815 853
f 1006 853 1007
f 1007 853 852
f 1007 852 851
f 1007 851 1008
f 1008 851 850
f 1008 850 1009
f 1009 850 849
f 1009 849 1010
f 1010 849 848
f 1010 848 1011
f 1011 848 1012
f 1012 848 847
f 1012 847 1013
f 1013 847 1014
f 1014 847 846
f 1014 846 1015
f 1015 846 845
f 1015 845 1016
f 1016 845 844
f 1016 844 1017
f 1017 844 1018
f 1018 844 843
f 1018 843 1019
f 1019 843 842
f 1019 842 1020
f 1020 842 841
f 1020 841 989
f 989 841 990
f 990 841 879
f 990 879 991
f 991 879 878
f 991 878 992
f 992 878 877
f 992 877 993
f 993 877 994
f 994 877 876
f 994 876 995
f 995 876 875
f 995 875 996
f 996 875 874
f 996 874 997
f 997 874 998
f 998 874 873
f 998 873 999
f 999 873 1000
f 1000 873 872
f 1000 872 1001
f 1001 872 871
f 1001 871 1002
f 1002 871 870
f 1002 870 1003
f 1003 870 869
f 1003 869 868
f 1003 868 1004
f 1004 868 867
f 1004 867 973
f 973 867 974
f 974 867 905
f 974 905 975
f 975 905 904
f 975 904 903
f 975 903 976
f 976 903 902
f 976 902 977
f 977 902 901
f 977 901 978
f 978 901 900
f 978 900 979
f 979 900 980
f 980 900 899
f 980 899 981
f 981 899 982
f 982 899 898
f 982 898 983
f 983 898 897
f 983 897 984
f 984 897 896
f 984 896 985
f 985 896 986
f 986 896 895
f 986 895 987
f 987 895 894
f 987 894 988
f 988 894 893
f 988 893 956
f 956 893 957
f 957 893 931
f 957 931 958
f 958 931 930
f 958 930 959
f 959 930 929
f 959 929 960
f 960 929 961
f 961 929 928
f 961 928 962
f 962 928 927
f 962 927 963
f 963 927 926
f 963 926 964
f 964 926 965
f 965 926 925
f 965 925 966
f 966 925 967
f 967 925 924
f 967 924 968
f 968 924 923
f 968 923 969
f 969 923 922
f 969 922 970
f 970 922 921
f 970 921 920
f 970 920 971
f 971 920 919
f 1085 1161 1084
f 1084 1161 1123
f 1084 1123 1122
f 1122 1123 1124
f 1122 1124 1121
f 1121 1124 1125
f 1121 1125 1120
f 1120 1125 1126
f 1120 1126 1119
f 1119 1126 1127
f 1119 1127 1118
f 1118 1127 1128
f 1118 1128 1117
f 1117 1128 1129
f 1117 1129 1116
f 1116 1129 1130
f 1116 1130 1115
f 1115 1130 1131
f 1115 1131 1114
f 1114 1131 1132
f 1114 1132 1113
f 1113 1132 1133
f 1113 1133 1112
f 1112 1133 1134
f 1112 1134 1111
f 1111 1134 1135
f 1111 1135 1110
f 1110 1135 1136
f 1110 1136 1109
f 1109 1136 1137
f 1109 1137 1108
f 1108 1137 1138
f 1108 1138 1107
f 1107 1138 1139
f 1107 1139 1106
f 1106 1139 1140
f 1106 1140 1105
f 1105 1140 1141
f 1105 1141 1104
f 1104 1141 1142
f 1104 1142 1103
f 1103 1142 1143
f 1103 1143 1102
f 1102 1143 1144
f 1102 1144 1101
f 1101 1144 1145
f 1101 1145 1100
f 1100 1145 1146
f 1100 1146 1099
f 1099 1146 1147
f 1099 1147 1098
f 1098 1147 1148
f 1098 1148 1097
f 1097 1148 1149
f 1097 1149 1096
f 1096 1149 1150
f 1096 1150 1095
f 1095 1150 1151
f 1095 1151 1094
f 1094 1151 1152
f 1094 1152 1093
f 1093 1152 1153
f 1093 1153 1092
f 1092 1153 1154
f 1092 1154 1091
f 1091 1154 1155
f 1091 1155 1090
f 1090 1155 1156
f 1090 1156 1089
f 1089 1156 1157
f 1089 1157 1088
f 1088 1157 1158
f 1088 1158 1087
f 1087 1158 1159
f 1087 1159 1086
f 1086 1159 1160
f 1086 1160 1085
f 1085 1160 1161
f 707 1200 669
f 669 1200 1162
f 669 1162 670
f 670 1162 1163
f 670 1163 671
f 671 1163 1164
f 671 1164 672
f 672 1164 1165
f 672 1165 673
f 673 1165 1166
f 673 1166 674
f 674 1166 1167
f 674 1167 675
f 675 1167 1168
f 675 1168 676
f 676 1168 1169
f 676 1169 677
f 677 1169 1170
f 677 1170 678
f 678 1170 1171
f 678 1171 679
f 679 1171 1172
f 679 1172 680
f 680 1172 1173
f 680 1173 681
f 681 1173 1174
f 681 1174 682
f 682 1174 1175
f 682 1175 683
f 683 1175 1176
f 683 1176 684
f 684 1176 1177
f 684 1177 685
f 685 1177 1178
f 685 1178 686
f 686 1178 1179
f 686 1179 687
f 687 1179 1180
f 687 1180 688
f 688 1180 1181
f 688 1181 689
f 689 1181 1182
f 689 1182 690
f 690 1182 1183
f 690 1183 691
f 691 1183 1184
f 691 1184 692
f 692 1184 1185
f 692 1185 693
f 693 1185 1186
f 693 1186 694
f 694 1186 1187
f 694 1187 695
f 695 1187 1188
f 695 1188 696
f 696 1188 1189
f 696 1189 697
f 697 1189 1190
f 697 1190 698
f 698 1190 1191
f 698 1191 699
f 699 1191 1192
f 699 1192 700
f 700 1192 1193
f 700 1193 701
f 701 1193 1194
f 701 1194 702
f 702 1194 1195
f 702 1195 703
f 703 1195 1196
f 703 1196 704
f 704 1196 1197
f 704 1197 705
f 705 1197 1198
f 705 1198 706
f 706 1198 1199
f 706 1199 707
f 707 1199 1200
f 627 1239 589
f 589 1239 1201
f 589 1201 590
f 590 1201 1202
f 590 1202 591
f 591 1202 1203
f 591 1203 592
f 592 1203 1204
f 592 1204 593
f 593 1204 1205
f 593 1205 594
f 594 1205 1206
f 594 1206 595
f 595 1206 1207
f 595 1207 596
f 596 1207 1208
f 596 1208 597
f 597 1208 1209
f 597 1209 598
f 598 1209 1210
f 598 1210 599
f 599 1210 1211
f 599 1211 600
f 600 1211 1212
f 600 1212 601
f 601 1212 1213
f 601 1213 602
f 602 1213 1214
f 602 1214 603
f 603 1214 1215
f 603 1215 604
f 604 1215 1216
f 604 1216 605
f 605 1216 1217
f 605 1217 606
f 606 1217 1218
f 606 1218 607
f 607 1218 1219
f 607 1219 608
f 608 1219 1220
f 608 1220 609
f 609 1220 1221
f 609 1221 610
f 610 1221 1222
f 610 1222 611
f 611 1222 1223
f 611 1223 612
f 612 1223 1224
f 612 1224 613
f 613 1224 1225
f 613 1225 614
f 614 1225 1226
f 614 1226 615
f 615 1226 1227
f 615 1227 616
f 616 1227 1228
f 616 1228 617
f 617 1228 1229
f 617 1229 618
f 618 1229 1230
f 618 1230 619
f 619 1230 1231
f 619 1231 620
f 620 1231 1232
f 620 1232 621
f 621 1232 1233
f 621 1233 622
f 622 1233 1234
f 622 1234 623
f 623 1234 1235
f 623 1235 624
f 624 1235 1236
f 624 1236 625
f 625 1236 1237
f 625 1237 626
f 626 1237 1238
f 626 1238 627
f 627 1238 1239
f 667 1278 629
f 629 1278 1240
f 629 1240 630
f 630 1240 1241
f 630 1241 631
f 631 1241 1242
f 631 1242 632
f 632 1242 1243
f 632 1243 633
f 633 1243 1244
f 633 1244 634
f 634 1244 1245
f 634 1245 635
f 635 1245 1246
f 635 1246 636
f 636 1246 1247
f 636 1247 637
f 637 1247 1248
f 637 1248 638
f 638 1248 1249
f 638 1249 639
f 639 1249 1250
f 639 1250 640
f 640 1250 1251
f 640 1251 641
f 641 1251 1252
f 641 1252 642
f 642 1252 1253
f 642 1253 643
f 643 1253 1254
f 643 1254 644
f 644 1254 1255
f 644 1255 645
f 645 1255 1256
f 645 1256 646
f 646 1256 1257
f 646 1257 647
f 647 1257 1258
f 647 1258 648
f 648 1258 1259
f 648 1259 649
f 649 1259 1260
f 649 1260 650
f 650 1260 1261
f 650 1261 651
f 651 1261 1262
f 651 1262 652
f 652 1262 1263
f 652 1263 653
f 653 1263 1264
f 653 1264 654
f 654 1264 1265
f 654 1265 655
f 655 1265 1266
f 655 1266 656
f 656 1266 1267
f 656 1267 657
f 657 1267 1268
f 657 1268 658
f 658 1268 1269
f 658 1269 659
f 659 1269 1270
f 659 1270 660
f 660 1270 1271
f 660 1271 661
f 661 1271 1272
f 661 1272 662
f 662 1272 1273
f 662 1273 663
f 663 1273 1274
f 663 1274 664
f 664 1274 1275
f 664 1275 665
f 665 1275 1276
f 665 1276 666
f 666 1276 1277
f 666 1277 667
f 667 1277 1278
f 747 1317 709
f 709 1317 1279
f 709 1279 710
f 710 1279 1280
f 710 1280 711
f 711 1280 1281
f 711 1281 712
f 712 1281 1282
f 712 1282 713
f 713 1282 1283
f 713 1283 714
f 714 1283 1284
f 714 1284 715
f 715 1284 1285
f 715 1285 716
f 716 1285 1286
f 716 1286 717
f 717 1286 1287
f 717 1287 718
f 718 1287 1288
f 718 1288 719
f 719 1288 1289
f 719 1289 720
f 720 1289 1290
f 720 1290 721
f 721 1290 1291
f 721 1291 722
f 722 1291 1292
f 722 1292 723
f 723 1292 1293
f 723 1293 724
f 724 1293 1294
f 724 1294 725
f 725 1294 1295
f 725 1295 726
f 726 1295 1296
f 726 1296 727
f 727 1296 1297
f 727 1297 728
f 728 1297 1298
f 728 1298 729
f 729 1298 1299
f 729 1299 730
f 730 1299 1300
f 730 1300 731
f 731 1300 1301
f 731 1301 732
f 732 1301 1302
f 732 1302 733
f 733 1302 1303
f 733 1303 734
f 734 1303 1304
f 734 1304 735
f 735 1304 1305
f 735 1305 736
f 736 1305 1306
f 736 1306 737
f 737 1306 1307
f 737 1307 738
f 738 1307 1308
f 738 1308 739
f 739 1308 1309
f 739 1309 740
f 740 1309 1310
f 740 1310 741
f 741 1310 1311
f 741 1311 742
f 742 1311 1312
f 742 1312 743
f 743 1312 1313
f 743 1313 744
f 744 1313 1314
f 744 1314 745
f 745 1314 1315
f 745 1315 746
f 746 1315 1316
f 746 1316 747
f 747 1316 1317
f 11 66 187
f 187 66 1318
f 66 112 1318
f 1318 112 186
f 776 761 1084
f 1084 761 760
f 1084 760 1085
f 1085 760 759
f 1085 759 758
f 1085 758 1086
f 1086 758 757
f 1086 757 1087
f 1087 757 756
f 1087 756 1088
f 1088 756 755
f 1088 755 1089
f 1089 755 937
f 1089 937 936
f 755 754 937
f 937 754 938
f 938 754 753
f 938 753 939
f 939 753 752
f 939 752 940
f 940 752 751
f 940 751 941
f 941 751 750
f 941 750 942
f 942 750 749
f 942 749 943
f 943 749 748
f 1089 936 1090
f 1090 936 935
f 1090 935 1091
f 1091 935 934
f 1091 934 1092
f 1092 934 933
f 1092 933 1093
f 1093 933 932
f 1093 932 1094
f 1094 932 918
f 1094 918 917
f 917 916 1094
f 1094 916 1095
f 1095 916 915
f 1095 915 1096
f 1096 915 914
f 1096 914 1097
f 1097 914 913
f 1097 913 1098
f 1098 913 912
f 1098 912 1099
f 1099 912 885
f 1099 885 884
f 885 912 886
f 886 912 911
f 886 911 887
f 887 911 910
f 887 910 888
f 888 910 909
f 888 909 889
f 889 909 908
f 889 908 890
f 890 908 907
f 890 907 891
f 891 907 906
f 891 906 892
f 1099 884 1100
f 1100 884 883
f 1100 883 1101
f 1101 883 882
f 1101 882 1102
f 1102 882 881
f 1102 881 1103
f 1103 881 880
f 1103 880 866
f 1103 866 1104
f 1104 866 865
f 1104 865 864
f 1104 864 1105
f 1105 864 863
f 1105 863 1106
f 1106 863 862
f 1106 862 1107
f 1107 862 861
f 1107 861 1108
f 1108 861 860
f 1108 860 833
f 833 860 859
f 833 859 834
f 834 859 858
f 834 858 835
f 835 858 857
f 835 857 836
f 836 857 856
f 836 856 837
f 837 856 855
f 837 855 838
f 838 855 854
f 838 854 839
f 839 854 840
f 1108 833 1109
f 1109 833 832
f 1109 832 1110
f 1110 832 831
f 1110 831 1111
f 1111 831 830
f 1111 830 1112
f 1112 830 829
f 1112 829 1113
f 1113 829 828
f 1113 828 814
f 814 813 1113
f 1113 813 1114
f 1114 813 812
f 1114 812 1115
f 1115 812 811
f 1115 811 1116
f 1116 811 810
f 1116 810 1117
f 1117 810 809
f 1117 809 1118
f 1118 809 808
f 1118 808 781
f 781 808 782
f 782 808 807
f 782 807 783
f 783 807 806
f 783 806 784
f 784 806 805
f 784 805 785
f 785 805 804
f 785 804 786
f 786 804 803
f 786 803 787
f 787 803 802
f 787 802 788
f 1118 781 1119
f 1119 781 780
f 1119 780 1120
f 1120 780 779
f 1120 779 1121
f 1121 779 778
f 1121 778 1122
f 1122 778 777
f 1122 777 776
f 1122 776 1084
f 1317 185 1279
f 1279 185 187
f 1279 187 1280
f 1280 187 1281
f 1281 187 1282
f 1282 187 1283
f 1283 187 1284
f 1284 187 1285
f 1285 187 1286
f 1286 187 1287
f 1287 187 1288
f 1288 187 1289
f 1289 187 1162
f 1289 1162 1200
f 1317 1316 185
f 185 1316 1315
f 185 1315 1314
f 1314 1313 185
f 185 1313 1312
f 185 1312 1311
f 1311 1310 185
f 185 1310 1309
f 185 1309 1308
f 1307 1241 1308
f 1308 1241 1240
f 1308 1240 185
f 185 1240 1278
f 185 1278 1277
f 1241 1307 1242
f 1242 1307 1306
f 1242 1306 1243
f 1243 1306 1305
f 1243 1305 1244
f 1244 1305 1304
f 1244 1304 1245
f 1245 1304 1303
f 1245 1303 1157
f 1157 1303 1158
f 1158 1303 1302
f 1158 1302 1159
f 1159 1302 1301
f 1159 1301 1160
f 1160 1301 1300
f 1160 1300 1161
f 1161 1300 1299
f 1161 1299 1123
f 1123 1299 1298
f 1123 1298 1124
f 1124 1298 1297
f 1124 1297 1125
f 1125 1297 1296
f 1125 1296 1126
f 1126 1296 1295
f 1126 1295 1127
f 1127 1295 1294
f 1127 1294 1128
f 1128 1294 1196
f 1128 1196 1195
f 1294 1293 1196
f 1196 1293 1197
f 1197 1293 1292
f 1197 1292 1198
f 1198 1292 1291
f 1198 1291 1199
f 1199 1291 1290
f 1199 1290 1200
f 1200 1290 1289
f 1277 1276 185
f 185 1276 1275
f 185 1275 1274
f 1274 1273 185
f 185 1273 1272
f 185 1272 1271
f 1271 1270 185
f 185 1270 1269
f 185 1269 186
f 186 1269 1268
f 186 1268 1267
f 1267 1266 186
f 186 1266 1265
f 186 1265 1264
f 1264 1263 186
f 186 1263 1262
f 186 1262 1261
f 1261 1260 186
f 186 1260 1259
f 186 1259 1231
f 1231 1259 1258
f 1231 1258 1232
f 1232 1258 1257
f 1232 1257 1233
f 1233 1257 1256
f 1233 1256 1234
f 1234 1256 1255
f 1234 1255 1235
f 1235 1255 1147
f 1235 1147 1236
f 1236 1147 1146
f 1236 1146 1237
f 1237 1146 1145
f 1237 1145 1238
f 1238 1145 1144
f 1238 1144 1239
f 1239 1144 1143
f 1239 1143 1201
f 1201 1143 1142
f 1201 1142 1202
f 1202 1142 1141
f 1202 1141 1203
f 1203 1141 1140
f 1203 1140 1204
f 1204 1140 1139
f 1204 1139 1205
f 1205 1139 1138
f 1205 1138 1206
f 1206 1138 1186
f 1206 1186 1207
f 1207 1186 1185
f 1207 1185 1208
f 1208 1185 1184
f 1208 1184 1209
f 1209 1184 1183
f 1209 1183 1210
f 1210 1183 1182
f 1210 1182 1318
f 1318 1182 1181
f 1318 1181 1180
f 1255 1254 1147
f 1147 1254 1148
f 1148 1254 1253
f 1148 1253 1149
f 1149 1253 1252
f 1149 1252 1150
f 1150 1252 1251
f 1150 1251 1151
f 1151 1251 1250
f 1151 1250 1152
f 1152 1250 1249
f 1152 1249 1153
f 1153 1249 1248
f 1153 1248 1154
f 1154 1248 1247
f 1154 1247 1155
f 1155 1247 1246
f 1155 1246 1156
f 1156 1246 1245
f 1156 1245 1157
f 1231 1230 186
f 186 1230 1229
f 186 1229 1228
f 1228 1227 186
f 186 1227 1226
f 186 1226 1225
f 1225 1224 186
f 186 1224 1223
f 186 1223 1222
f 1222 1221 186
f 186 1221 1220
f 186 1220 1318
f 1318 1220 1219
f 1318 1219 1218
f 1218 1217 1318
f 1318 1217 1216
f 1318 1216 1215
f 1215 1214 1318
f 1318 1214 1213
f 1318 1213 1212
f 1212 1211 1318
f 1318 1211 1210
f 1128 1195 1129
f 1129 1195 1194
f 1129 1194 1130
f 1130 1194 1193
f 1130 1193 1131
f 1131 1193 1192
f 1131 1192 1132
f 1132 1192 1191
f 1132 1191 1133
f 1133 1191 1190
f 1133 1190 1134
f 1134 1190 1189
f 1134 1189 1135
f 1135 1189 1188
f 1135 1188 1136
f 1136 1188 1187
f 1136 1187 1137
f 1137 1187 1138
f 1138 1187 1186
f 1180 1179 1318
f 1318 1179 1178
f 1318 1178 1177
f 1177 1176 1318
f 1318 1176 1175
f 1318 1175 1174
f 1174 1173 1318
f 1318 1173 1172
f 1318 1172 187
f 187 1172 1171
f 187 1171 1170
f 1170 1169 187
f 187 1169 1168
f 187 1168 1167
f 1167 1166 187
f 187 1166 1165
f 187 1165 1164
f 1164 1163 187
f 187 1163 1162

# 1318 vertices
# 0 texture params
# 0 normals
# 2652 facets

# 1 groups
